0.38936 0.36569 0.36455 0.35361 0.35648 0.36572 0.36109 0.37317 0.36965 0.36419 0.35658 0.35926 0.37286 0.38065 0.40332 0.38673 0.38061 0.38189 0.40010 0.37101 0.35792 0.33012 0.23627 0.16176 0.12315 0.12825 0.13737 0.13868 0.13717 0.12279 0.12989 0.12891 0.13076 0.12972 0.12932 0.11654 0.12007 0.12967 0.11903 0.12190 0.12013 0.11847 0.11509 0.11854 0.12008 0.11480 0.11092 0.10858 0.11548 0.10386 0.09581 0.09837 0.08325 0.08555 0.07568 0.07662 0.08034 0.07889 0.08869 0.08760 0.08163 0.06596 0.06676 0.07580
0.42682 0.39205 0.38108 0.37127 0.38291 0.37829 0.37810 0.37874 0.37561 0.37265 0.37541 0.37633 0.37786 0.38878 0.38890 0.36801 0.36493 0.36296 0.38725 0.36955 0.38254 0.38327 0.36318 0.27119 0.19657 0.16590 0.14256 0.12816 0.11987 0.12706 0.13301 0.13175 0.13473 0.12720 0.12521 0.11503 0.13139 0.12027 0.12187 0.12558 0.13336 0.12481 0.12560 0.13831 0.13749 0.12039 0.12193 0.11235 0.09558 0.10243 0.09254 0.09614 0.09788 0.09268 0.09529 0.09289 0.09089 0.09172 0.07857 0.08935 0.07261 0.07218 0.07428 0.07482
0.39074 0.37101 0.36106 0.35463 0.35926 0.36954 0.37940 0.38828 0.38202 0.37309 0.36791 0.37304 0.37560 0.37551 0.37452 0.37316 0.38152 0.38273 0.37989 0.37374 0.37953 0.38021 0.36839 0.34473 0.29573 0.23254 0.18370 0.15228 0.13502 0.12142 0.12708 0.12692 0.13263 0.12146 0.12814 0.12945 0.13240 0.13844 0.13085 0.13477 0.13529 0.12547 0.12460 0.12822 0.12522 0.11833 0.12557 0.11724 0.11297 0.10453 0.10419 0.10309 0.10230 0.10973 0.10403 0.11124 0.09918 0.07777 0.08193 0.07040 0.08398 0.08298 0.06958 0.07342
0.36604 0.35831 0.37451 0.37262 0.36801 0.36900 0.36600 0.37168 0.37660 0.36752 0.36478 0.37625 0.39268 0.38003 0.37838 0.37172 0.38620 0.37844 0.36370 0.37350 0.38797 0.39622 0.39069 0.37314 0.36910 0.34372 0.27623 0.21502 0.17126 0.13743 0.12872 0.13057 0.13940 0.12363 0.13844 0.12981 0.12352 0.12732 0.13750 0.13955 0.12958 0.12861 0.12487 0.12465 0.13525 0.13213 0.13266 0.12737 0.12919 0.12403 0.11321 0.11146 0.09857 0.10091 0.10759 0.10766 0.10213 0.07162 0.07141 0.06882 0.08150 0.08887 0.07388 0.07129
0.37033 0.37386 0.38777 0.40607 0.39053 0.37857 0.37297 0.38596 0.38810 0.37681 0.37170 0.38063 0.38940 0.37224 0.36579 0.36466 0.38620 0.37838 0.38793 0.38938 0.39312 0.39503 0.39122 0.37857 0.36597 0.37300 0.35818 0.34314 0.28609 0.20615 0.16905 0.15161 0.14865 0.13181 0.13283 0.11847 0.11351 0.11668 0.13493 0.13586 0.13298 0.13175 0.12826 0.13569 0.13225 0.12059 0.12384 0.11048 0.11990 0.12319 0.12084 0.12181 0.11230 0.11305 0.10827 0.08993 0.08426 0.06970 0.06811 0.08493 0.09488 0.09360 0.08469 0.07703
0.37459 0.36934 0.37273 0.39857 0.38195 0.37432 0.37826 0.38498 0.37540 0.36467 0.36244 0.36133 0.38248 0.36757 0.38804 0.38619 0.39003 0.39530 0.37986 0.38167 0.37214 0.36597 0.37550 0.37582 0.39033 0.40340 0.38855 0.38768 0.38102 0.34341 0.26685 0.20510 0.17299 0.13921 0.12944 0.12277 0.12168 0.12833 0.13811 0.13572 0.13176 0.12770 0.13152 0.13115 0.12575 0.12861 0.13553 0.13072 0.13878 0.12695 0.12773 0.11980 0.12647 0.09802 0.10924 0.09356 0.08619 0.07901 0.09616 0.10148 0.10538 0.07896 0.07988 0.07385
0.40236 0.38258 0.38237 0.39236 0.38619 0.36884 0.36581 0.37714 0.36693 0.37612 0.37819 0.37895 0.37077 0.37932 0.37850 0.37107 0.38888 0.38440 0.37823 0.37065 0.36806 0.37107 0.36484 0.38279 0.37909 0.39207 0.37862 0.37718 0.37519 0.37317 0.37099 0.34632 0.26852 0.19287 0.15155 0.13096 0.12974 0.12891 0.12615 0.12716 0.12167 0.12737 0.14029 0.12952 0.14127 0.13913 0.13543 0.14128 0.13013 0.12598 0.12702 0.11827 0.11308 0.11408 0.10355 0.12133 0.10222 0.10646 0.10811 0.10636 0.09326 0.08747 0.08110 0.08222
0.39464 0.36846 0.37703 0.38273 0.37204 0.37952 0.38359 0.40188 0.38521 0.39129 0.37853 0.37270 0.37690 0.35475 0.36203 0.37701 0.38412 0.38049 0.37442 0.38031 0.36734 0.36633 0.37459 0.36500 0.37097 0.38048 0.39337 0.38893 0.39924 0.38350 0.39597 0.39419 0.37396 0.29377 0.21396 0.16835 0.14731 0.12818 0.13473 0.13011 0.13560 0.14111 0.13734 0.13220 0.12833 0.13148 0.13716 0.12685 0.13786 0.13205 0.12239 0.13181 0.13226 0.12669 0.11858 0.12215 0.11322 0.11034 0.12984 0.11941 0.11750 0.10591 0.09780 0.10895
0.37886 0.37230 0.36698 0.36671 0.36894 0.36952 0.37838 0.39913 0.37744 0.37183 0.36876 0.37164 0.37495 0.37817 0.38560 0.38292 0.38739 0.37840 0.36997 0.35696 0.37025 0.36291 0.37510 0.37428 0.38136 0.37842 0.38998 0.38989 0.39294 0.38340 0.37578 0.38396 0.36766 0.37084 0.33877 0.25759 0.20035 0.16730 0.14912 0.13867 0.12909 0.13098 0.13202 0.12914 0.13641 0.14047 0.13123 0.13471 0.13356 0.11388 0.12590 0.13288 0.14222 0.11798 0.12416 0.13303 0.12101 0.12775 0.12646 0.12450 0.11847 0.12265 0.11669 0.11250
0.38268 0.36998 0.38629 0.40164 0.39134 0.38343 0.37951 0.39432 0.38348 0.39132 0.38146 0.37842 0.38837 0.38280 0.36178 0.36348 0.37289 0.38039 0.37701 0.37354 0.38127 0.39530 0.40234 0.39515 0.37643 0.37903 0.37790 0.39225 0.38666 0.38914 0.38551 0.38339 0.38095 0.38345 0.37931 0.35548 0.30891 0.25201 0.20369 0.16166 0.13588 0.13992 0.14030 0.14415 0.13790 0.13129 0.13143 0.13237 0.12468 0.12447 0.13568 0.13356 0.13090 0.12399 0.13521 0.13182 0.12790 0.12357 0.11939 0.11609 0.10714 0.12195 0.10994 0.12852
0.37977 0.36742 0.37006 0.39048 0.38802 0.38917 0.37744 0.39921 0.37975 0.36223 0.35845 0.37186 0.36396 0.37500 0.39503 0.39006 0.38325 0.38566 0.39324 0.38669 0.37644 0.37063 0.37433 0.38060 0.37688 0.37351 0.38567 0.39425 0.39821 0.39320 0.37941 0.36629 0.37220 0.38060 0.38177 0.37560 0.37238 0.37074 0.33993 0.25755 0.18980 0.16353 0.14816 0.13830 0.14362 0.13466 0.12586 0.12643 0.12317 0.12627 0.13127 0.13946 0.11845 0.12985 0.12907 0.13908 0.12361 0.11845 0.11995 0.12149 0.11489 0.11120 0.11556 0.12798
0.41773 0.38397 0.37175 0.37294 0.37102 0.37794 0.37380 0.38341 0.37100 0.37131 0.37297 0.39147 0.37713 0.39961 0.40346 0.39209 0.37262 0.38852 0.38714 0.36750 0.37375 0.37746 0.37334 0.37315 0.38042 0.38126 0.38286 0.38826 0.39533 0.38081 0.38018 0.38035 0.38355 0.40153 0.41735 0.39639 0.37469 0.37506 0.37404 0.36769 0.30474 0.23438 0.20434 0.17744 0.15566 0.13562 0.13094 0.13749 0.13613 0.12933 0.12136 0.11939 0.11945 0.11752 0.12494 0.13983 0.13193 0.12350 0.13393 0.13356 0.12553 0.12496 0.12255 0.12572
0.40921 0.38161 0.37686 0.37737 0.37519 0.38278 0.40178 0.40690 0.38248 0.38125 0.38368 0.38164 0.37257 0.38380 0.38552 0.37636 0.37632 0.38433 0.38445 0.38394 0.38477 0.37679 0.37070 0.35845 0.36388 0.36280 0.36520 0.37481 0.38023 0.39018 0.39110 0.39317 0.38884 0.39186 0.39701 0.38344 0.38051 0.37597 0.39237 0.38903 0.37547 0.36109 0.32581 0.25954 0.19564 0.15452 0.13988 0.12383 0.11953 0.12242 0.12462 0.12961 0.12501 0.11838 0.13682 0.14189 0.12445 0.12577 0.12310 0.13185 0.12042 0.12840 0.12602 0.12949
0.38216 0.36242 0.35186 0.35278 0.36325 0.37453 0.39033 0.40491 0.37347 0.37638 0.38591 0.38801 0.37784 0.38323 0.37688 0.37876 0.38415 0.38811 0.38426 0.37117 0.37071 0.35412 0.37881 0.37743 0.38377 0.38953 0.39154 0.39180 0.39101 0.38654 0.37532 0.38246 0.37158 0.37630 0.38016 0.37151 0.39138 0.38314 0.38799 0.38565 0.38086 0.39030 0.39276 0.36803 0.29135 0.20630 0.15090 0.13016 0.12877 0.12570 0.11955 0.13061 0.12090 0.12059 0.12185 0.11561 0.12443 0.12052 0.12467 0.13233 0.13321 0.14262 0.12841 0.12476
0.36224 0.35344 0.36069 0.37487 0.37557 0.38132 0.39482 0.40961 0.37717 0.38191 0.40141 0.39626 0.37640 0.37579 0.37417 0.38366 0.37978 0.38138 0.37663 0.37343 0.38872 0.38567 0.39478 0.37732 0.36494 0.37500 0.37814 0.37402 0.36427 0.36595 0.37273 0.38544 0.38078 0.38271 0.38289 0.38394 0.37326 0.37645 0.38244 0.37775 0.39057 0.39421 0.39390 0.39358 0.39089 0.33875 0.23818 0.17681 0.15235 0.14597 0.13322 0.13205 0.13279 0.13643 0.12981 0.12308 0.12847 0.11886 0.12861 0.12808 0.13549 0.13686 0.13440 0.13298
0.35840 0.36196 0.37728 0.37347 0.37210 0.36306 0.36969 0.39907 0.38581 0.38204 0.38270 0.37483 0.36391 0.37270 0.37423 0.37984 0.38600 0.38502 0.39110 0.38405 0.38684 0.38852 0.37480 0.36425 0.36333 0.36999 0.38211 0.39172 0.39242 0.38950 0.37685 0.37077 0.36706 0.37076 0.35885 0.36394 0.38173 0.38761 0.38079 0.39431 0.40181 0.39494 0.39038 0.38991 0.37013 0.34749 0.33389 0.28885 0.24156 0.19605 0.16027 0.14430 0.14783 0.13023 0.11678 0.12947 0.12189 0.12969 0.12290 0.13518 0.13354 0.13205 0.14252 0.14657
0.39987 0.38261 0.37762 0.36983 0.36434 0.36178 0.36878 0.38214 0.37022 0.37450 0.37706 0.37753 0.37568 0.36702 0.36366 0.35748 0.36668 0.37575 0.38408 0.37623 0.36950 0.38627 0.38797 0.37791 0.39270 0.38433 0.38462 0.37803 0.38194 0.37254 0.36193 0.36925 0.38093 0.38577 0.38652 0.39095 0.39514 0.37867 0.38671 0.38463 0.37327 0.37030 0.36453 0.37459 0.37667 0.38594 0.38717 0.38449 0.37902 0.34313 0.24934 0.19209 0.15385 0.12517 0.11934 0.11826 0.12968 0.13241 0.13861 0.15078 0.15050 0.16964 0.18475 0.19247
0.39799 0.38351 0.38632 0.38614 0.39716 0.38465 0.38934 0.38513 0.38425 0.39387 0.38862 0.37433 0.36766 0.37577 0.36569 0.36727 0.38156 0.38011 0.38659 0.38626 0.39346 0.38036 0.37848 0.37626 0.38903 0.36523 0.36611 0.37804 0.37480 0.37896 0.37895 0.39199 0.38875 0.38814 0.38144 0.38745 0.37881 0.37524 0.37205 0.37622 0.38338 0.39063 0.38744 0.38361 0.38810 0.38835 0.37660 0.35552 0.36494 0.35956 0.36508 0.32108 0.23096 0.15962 0.13223 0.14472 0.15828 0.16968 0.17416 0.20259 0.23718 0.27541 0.30317 0.32069
0.37980 0.35793 0.35489 0.35933 0.36859 0.36741 0.38665 0.37729 0.38359 0.38123 0.37482 0.37288 0.38329 0.37810 0.36238 0.36485 0.38157 0.37366 0.38285 0.38482 0.38285 0.37844 0.37820 0.38930 0.40048 0.37978 0.38966 0.38191 0.37417 0.37552 0.37620 0.38327 0.37774 0.37981 0.38205 0.38702 0.39145 0.39928 0.39007 0.38328 0.37384 0.36562 0.37089 0.35919 0.36621 0.35729 0.35305 0.36597 0.37738 0.37985 0.38043 0.37225 0.33689 0.24306 0.20122 0.21359 0.24762 0.27464 0.29443 0.34385 0.36838 0.38734 0.41616 0.43106
0.37821 0.37282 0.38100 0.39280 0.38006 0.36744 0.39066 0.39656 0.38238 0.37442 0.37301 0.39810 0.36921 0.36841 0.36803 0.36835 0.36908 0.38338 0.37860 0.36743 0.37540 0.39121 0.39318 0.39756 0.39211 0.37115 0.38146 0.37765 0.37976 0.37763 0.37351 0.37239 0.38316 0.40760 0.38343 0.38829 0.38529 0.37999 0.36750 0.36143 0.36064 0.35341 0.37572 0.36767 0.38327 0.38879 0.38826 0.37597 0.38122 0.37195 0.35388 0.32803 0.29311 0.30652 0.32233 0.35371 0.38409 0.38573 0.39927 0.42664 0.41185 0.43660 0.49004 0.51821
0.36918 0.35837 0.37689 0.39336 0.38614 0.38077 0.38842 0.39823 0.38626 0.37398 0.38247 0.39605 0.37784 0.36875 0.35806 0.36857 0.39525 0.39777 0.38140 0.37058 0.38612 0.38727 0.37657 0.36891 0.36373 0.36485 0.37933 0.38735 0.38697 0.38271 0.38370 0.37449 0.38098 0.40533 0.38044 0.37027 0.38299 0.38223 0.38330 0.38269 0.40102 0.39070 0.38883 0.37875 0.38168 0.36697 0.37025 0.37219 0.38310 0.37076 0.34883 0.27077 0.23295 0.33376 0.38224 0.41780 0.41555 0.44013 0.46227 0.48146 0.49394 0.53172 0.55579 0.56744
0.36744 0.37583 0.38729 0.38299 0.37229 0.36847 0.37313 0.37610 0.36715 0.37186 0.36527 0.38301 0.38704 0.39114 0.37979 0.38350 0.38652 0.38104 0.38627 0.37237 0.36686 0.36610 0.37596 0.36944 0.38810 0.37989 0.38326 0.37840 0.38284 0.37567 0.36860 0.37062 0.36614 0.37219 0.38299 0.38838 0.39073 0.38943 0.39423 0.38831 0.38856 0.37903 0.37094 0.37397 0.36334 0.37292 0.38202 0.37678 0.37850 0.36939 0.35610 0.25236 0.18849 0.36882 0.43170 0.47105 0.49700 0.51806 0.52166 0.50866 0.49751 0.51003 0.52795 0.52921
0.38912 0.38912 0.37802 0.37807 0.38361 0.37503 0.38522 0.39089 0.38645 0.38780 0.37804 0.37736 0.37833 0.38607 0.37843 0.37463 0.38095 0.38800 0.38698 0.38649 0.38769 0.39668 0.39579 0.39033 0.38454 0.36960 0.37343 0.35778 0.37217 0.37449 0.37757 0.36198 0.37219 0.37571 0.38388 0.38684 0.37633 0.37198 0.35532 0.36530 0.36127 0.37386 0.37801 0.39194 0.38159 0.38493 0.37499 0.36854 0.36802 0.36226 0.34060 0.28820 0.19318 0.44140 0.52216 0.53336 0.53309 0.49862 0.44943 0.41967 0.40477 0.40900 0.41960 0.41558
0.36787 0.35912 0.36318 0.35980 0.36468 0.37834 0.39587 0.40165 0.38756 0.38240 0.36607 0.37454 0.37446 0.38606 0.38801 0.39985 0.39514 0.38063 0.38294 0.37801 0.36424 0.36485 0.36195 0.36483 0.37111 0.37349 0.37655 0.36212 0.36207 0.37904 0.38583 0.37520 0.36497 0.36199 0.36621 0.35767 0.37881 0.40460 0.39245 0.39532 0.38630 0.37186 0.38090 0.37053 0.35898 0.35048 0.35917 0.36404 0.36648 0.37429 0.37063 0.34604 0.28754 0.51397 0.58821 0.54349 0.52601 0.42423 0.37920 0.37503 0.37717 0.37221 0.36952 0.35769
0.33409 0.34242 0.36012 0.37204 0.36812 0.37344 0.39379 0.38511 0.37061 0.39027 0.38766 0.40029 0.38063 0.38741 0.39155 0.38853 0.38053 0.37957 0.35829 0.35144 0.36248 0.37830 0.37590 0.37424 0.37816 0.37935 0.38956 0.36945 0.36448 0.37700 0.38948 0.37837 0.36690 0.34970 0.36026 0.35342 0.37939 0.40684 0.39091 0.38829 0.36911 0.36528 0.37201 0.38272 0.38236 0.37986 0.37268 0.36989 0.37084 0.38460 0.37942 0.36976 0.36694 0.57259 0.65578 0.58602 0.54992 0.42851 0.31707 0.30491 0.31472 0.32871 0.34499 0.37053
0.33039 0.33763 0.36839 0.39496 0.38217 0.38649 0.39507 0.39630 0.38926 0.38961 0.39573 0.39385 0.37485 0.37053 0.37687 0.38304 0.37965 0.38621 0.37560 0.38296 0.37249 0.37248 0.37544 0.36514 0.37248 0.37224 0.37599 0.37880 0.39007 0.38917 0.37923 0.37484 0.38324 0.36740 0.38614 0.38824 0.39529 0.39584 0.39294 0.38464 0.39013 0.38752 0.38614 0.38107 0.38244 0.37243 0.35511 0.34320 0.35065 0.35948 0.35005 0.35387 0.42013 0.67224 0.75676 0.65683 0.62038 0.46390 0.27222 0.25471 0.27829 0.31097 0.34363 0.36434
0.35832 0.35696 0.36461 0.37922 0.37659 0.37877 0.38758 0.37709 0.36137 0.36590 0.36150 0.37517 0.37195 0.39559 0.38779 0.38547 0.38277 0.38260 0.37773 0.37491 0.37435 0.36779 0.36366 0.36344 0.36906 0.36379 0.37760 0.36778 0.37490 0.38908 0.38489 0.40742 0.40941 0.41722 0.40672 0.40292 0.39868 0.38347 0.38974 0.39369 0.37956 0.37573 0.37664 0.36882 0.35917 0.34894 0.35187 0.37915 0.38460 0.38960 0.37343 0.37858 0.48385 0.81979 0.87480 0.72127 0.68443 0.50293 0.28483 0.26807 0.26482 0.29709 0.33325 0.35555
0.38826 0.38047 0.37154 0.37775 0.35888 0.36945 0.38597 0.38632 0.37285 0.37939 0.37234 0.36913 0.36723 0.39671 0.37431 0.37257 0.37700 0.37894 0.37503 0.37794 0.37086 0.35609 0.35782 0.36693 0.38083 0.40076 0.41432 0.40750 0.40859 0.40181 0.40424 0.41814 0.42269 0.39886 0.38113 0.37487 0.38028 0.38018 0.38198 0.38251 0.37251 0.37025 0.36162 0.36542 0.37470 0.37483 0.38255 0.38659 0.38433 0.38160 0.38127 0.38745 0.52532 0.89195 0.93446 0.76932 0.71972 0.51717 0.29991 0.32051 0.31524 0.32176 0.35684 0.36872
0.37860 0.37056 0.36651 0.37184 0.37610 0.38037 0.41275 0.39442 0.37264 0.39534 0.37240 0.35258 0.31821 0.31324 0.31943 0.34506 0.36714 0.37764 0.36994 0.38553 0.38851 0.38546 0.40118 0.41314 0.43907 0.44774 0.49600 0.48000 0.42041 0.37870 0.37166 0.36787 0.37693 0.37763 0.36380 0.35588 0.35571 0.36514 0.36522 0.37842 0.37466 0.36911 0.38027 0.37492 0.38286 0.36349 0.35976 0.34870 0.35760 0.36183 0.35314 0.35827 0.52260 0.89874 0.94820 0.82295 0.74432 0.52304 0.31032 0.33527 0.31390 0.32453 0.35061 0.35500
0.35849 0.36093 0.36474 0.36252 0.36136 0.37107 0.40726 0.39013 0.37975 0.38734 0.38617 0.35148 0.21158 0.18251 0.25220 0.33931 0.38434 0.39165 0.39192 0.39876 0.41392 0.41856 0.42621 0.43145 0.41626 0.40380 0.54706 0.56299 0.42470 0.30372 0.25806 0.25655 0.30608 0.33431 0.33833 0.35212 0.37912 0.39334 0.37918 0.38353 0.36081 0.36740 0.35392 0.36683 0.35632 0.35236 0.37001 0.37444 0.37645 0.38270 0.38178 0.40282 0.54865 0.89699 0.95223 0.86501 0.76157 0.53470 0.31909 0.34243 0.33238 0.33722 0.35949 0.36137
0.35110 0.36668 0.38664 0.38966 0.38380 0.39041 0.41423 0.41270 0.38971 0.39093 0.38414 0.35247 0.21597 0.15885 0.28790 0.39858 0.40723 0.40937 0.40526 0.40917 0.39462 0.35770 0.31207 0.26456 0.22849 0.29285 0.65609 0.66156 0.46219 0.31817 0.26531 0.25699 0.31735 0.34683 0.33726 0.35240 0.37555 0.38242 0.36247 0.37311 0.35732 0.36299 0.36406 0.37768 0.38507 0.38431 0.38030 0.37038 0.37340 0.37159 0.35642 0.38995 0.53826 0.89360 0.97506 0.90645 0.77518 0.55334 0.34697 0.35540 0.33200 0.35297 0.38083 0.38152
0.35142 0.34933 0.37214 0.38098 0.37839 0.37506 0.37420 0.38968 0.37055 0.35828 0.35957 0.35204 0.29630 0.22748 0.36131 0.44435 0.39784 0.34877 0.27542 0.20541 0.12777 0.08661 0.07670 0.08023 0.09073 0.26345 0.69273 0.69336 0.48622 0.34227 0.31305 0.28150 0.32622 0.35200 0.35220 0.36743 0.37094 0.36790 0.37647 0.40116 0.37912 0.37790 0.37677 0.37302 0.37216 0.36373 0.35750 0.35416 0.36548 0.37020 0.37462 0.39991 0.57617 0.90626 0.96971 0.95067 0.80796 0.59489 0.39642 0.37788 0.36416 0.38193 0.36816 0.40083
0.36014 0.36217 0.38375 0.38093 0.35694 0.35374 0.36456 0.37330 0.37697 0.37676 0.38121 0.37833 0.37121 0.33945 0.42647 0.51114 0.41553 0.31355 0.16710 0.10332 0.07843 0.07072 0.08655 0.10277 0.09554 0.29951 0.72592 0.72136 0.51179 0.38601 0.34457 0.31284 0.34492 0.36540 0.36095 0.37341 0.37478 0.38039 0.38033 0.38834 0.36803 0.35577 0.34654 0.35410 0.35166 0.35349 0.36269 0.37407 0.39006 0.38004 0.38921 0.41477 0.60114 0.91997 0.97169 0.97532 0.85079 0.66845 0.45783 0.39927 0.37471 0.38602 0.39953 0.39547
0.36596 0.36068 0.37285 0.37394 0.36363 0.36785 0.39139 0.37714 0.37317 0.36757 0.37371 0.37405 0.38222 0.37474 0.51720 0.61042 0.46023 0.33955 0.20652 0.09313 0.06965 0.07505 0.09639 0.11767 0.12168 0.34645 0.77743 0.82038 0.58118 0.43765 0.35125 0.32989 0.36343 0.37183 0.37928 0.37808 0.37337 0.36789 0.36656 0.37150 0.37109 0.37261 0.36315 0.37455 0.38148 0.37701 0.37484 0.37291 0.37208 0.35677 0.35395 0.38633 0.61183 0.92359 0.97693 0.98256 0.87955 0.72397 0.50388 0.41604 0.38120 0.37910 0.39819 0.38855
0.36736 0.36491 0.37674 0.36424 0.36077 0.36702 0.38739 0.37226 0.37739 0.36914 0.37127 0.37502 0.38068 0.40103 0.58931 0.67603 0.48296 0.37905 0.28702 0.08858 0.08541 0.07751 0.11170 0.13133 0.16017 0.45726 0.86936 0.91749 0.68556 0.47680 0.35712 0.34880 0.35889 0.36636 0.38214 0.38536 0.38980 0.37911 0.37954 0.36758 0.38245 0.37861 0.37292 0.37084 0.36067 0.35200 0.35967 0.36840 0.36401 0.36946 0.36480 0.38916 0.65649 0.93418 0.97469 0.98204 0.91571 0.75598 0.54030 0.45700 0.38747 0.38630 0.39018 0.37744
0.38036 0.38146 0.39079 0.38764 0.37105 0.38078 0.39745 0.39331 0.38164 0.38429 0.38787 0.37522 0.38023 0.45235 0.70705 0.75679 0.53067 0.42905 0.32063 0.10648 0.10898 0.09732 0.12695 0.16860 0.21395 0.52560 0.90166 0.94644 0.75140 0.48828 0.34400 0.35193 0.37296 0.37814 0.37728 0.39177 0.39283 0.37620 0.37126 0.36674 0.36888 0.37017 0.35480 0.36799 0.37436 0.38687 0.37743 0.38347 0.38763 0.36755 0.37084 0.40825 0.69122 0.94520 0.97368 0.98024 0.94373 0.79434 0.60189 0.51449 0.46881 0.45206 0.41601 0.39234
0.35948 0.35853 0.38947 0.38664 0.38585 0.39100 0.38898 0.39242 0.38134 0.36497 0.37209 0.37400 0.37290 0.47978 0.83272 0.89748 0.61679 0.46654 0.32566 0.12136 0.11605 0.11707 0.13920 0.21152 0.23675 0.55776 0.90749 0.96199 0.77609 0.50314 0.34071 0.35401 0.36549 0.36617 0.37342 0.38480 0.38103 0.37061 0.37150 0.37249 0.38442 0.38746 0.37567 0.38602 0.38151 0.36849 0.36348 0.35794 0.36750 0.37251 0.35962 0.40740 0.69501 0.94892 0.97677 0.97670 0.96664 0.83914 0.66427 0.55760 0.54301 0.53938 0.45472 0.40746
0.37514 0.37085 0.37643 0.36316 0.37509 0.38401 0.37954 0.38085 0.38320 0.37056 0.38864 0.38076 0.37982 0.50437 0.87616 0.93554 0.70946 0.49418 0.32738 0.13342 0.13048 0.13302 0.16143 0.25577 0.24932 0.57830 0.90811 0.94639 0.77378 0.53449 0.35110 0.35949 0.38116 0.37728 0.38487 0.39480 0.39134 0.37778 0.37718 0.38029 0.38676 0.38601 0.38088 0.36405 0.36228 0.36247 0.37962 0.37271 0.37839 0.38446 0.37338 0.41200 0.72172 0.94941 0.97983 0.97660 0.97486 0.85514 0.70565 0.59230 0.55504 0.55613 0.46062 0.41105
0.37759 0.37596 0.38340 0.37096 0.37404 0.37864 0.37616 0.38735 0.39378 0.38507 0.37830 0.36963 0.39974 0.52936 0.88972 0.95847 0.74697 0.50134 0.32758 0.13793 0.12909 0.14760 0.20272 0.28037 0.26424 0.60786 0.91925 0.96633 0.79547 0.58568 0.39546 0.35795 0.37532 0.39072 0.39645 0.40359 0.37732 0.36458 0.35797 0.36286 0.36731 0.36767 0.37367 0.39340 0.38692 0.39540 0.39593 0.38784 0.38136 0.37485 0.38017 0.42081 0.71493 0.95426 0.97591 0.97989 0.97945 0.86774 0.72290 0.61208 0.53990 0.50547 0.41766 0.39554
0.35192 0.36921 0.37170 0.35821 0.35990 0.38855 0.38963 0.37666 0.37628 0.37244 0.35262 0.36815 0.37959 0.52014 0.89309 0.96066 0.76592 0.50904 0.32715 0.13888 0.12804 0.14381 0.21596 0.28478 0.27863 0.63774 0.92280 0.94494 0.82201 0.68677 0.47944 0.35819 0.37765 0.38006 0.39918 0.40633 0.38312 0.37360 0.38229 0.37855 0.37685 0.37475 0.38162 0.37889 0.38855 0.39347 0.38285 0.36569 0.36055 0.36655 0.36360 0.41647 0.72747 0.95452 0.97745 0.97911 0.98154 0.87216 0.73756 0.62642 0.54051 0.49139 0.42910 0.40935
0.38320 0.39133 0.40096 0.38141 0.37511 0.37710 0.39982 0.38042 0.37774 0.38290 0.37815 0.38710 0.40798 0.54389 0.89568 0.95763 0.78510 0.54230 0.32802 0.13902 0.12078 0.13876 0.21521 0.29051 0.29428 0.65502 0.93353 0.95514 0.84519 0.75522 0.51778 0.35729 0.38718 0.38978 0.40970 0.42670 0.41040 0.38951 0.38451 0.38744 0.37255 0.38040 0.37734 0.36421 0.37099 0.37847 0.36757 0.37837 0.38808 0.38918 0.38547 0.42397 0.72112 0.95384 0.97662 0.98312 0.98201 0.90188 0.74884 0.63719 0.54882 0.51651 0.47010 0.43299
0.37265 0.37951 0.39918 0.38371 0.38247 0.39737 0.40712 0.39635 0.38222 0.36354 0.36661 0.37485 0.40640 0.55218 0.89798 0.95714 0.81665 0.62185 0.33876 0.16143 0.13151 0.15714 0.22304 0.29665 0.31216 0.66560 0.93020 0.94204 0.84362 0.76956 0.52231 0.36455 0.38633 0.40276 0.40673 0.41842 0.39831 0.37664 0.36941 0.36465 0.35607 0.37287 0.37887 0.39912 0.39288 0.38076 0.38038 0.37931 0.38789 0.37186 0.37682 0.43351 0.74331 0.96221 0.98130 0.98366 0.97801 0.89102 0.74618 0.63288 0.56144 0.54103 0.51504 0.46948
0.35643 0.36748 0.38254 0.37521 0.36932 0.38280 0.39721 0.38154 0.36195 0.37982 0.37361 0.36150 0.39056 0.57057 0.90316 0.94339 0.83740 0.72839 0.40717 0.22266 0.17611 0.22172 0.28542 0.31731 0.33933 0.67936 0.93520 0.93971 0.83751 0.75029 0.51420 0.37581 0.39762 0.39471 0.40577 0.40535 0.38220 0.37518 0.37710 0.38911 0.37846 0.38815 0.38025 0.40039 0.38339 0.36663 0.35550 0.35579 0.35737 0.35876 0.36696 0.43577 0.77598 0.96232 0.97973 0.98490 0.97312 0.86614 0.73880 0.62711 0.56636 0.54516 0.52707 0.49799
0.35779 0.36466 0.37291 0.38335 0.38629 0.38604 0.39417 0.37895 0.37615 0.38113 0.37456 0.37463 0.39945 0.59312 0.91043 0.95931 0.84284 0.77944 0.46022 0.25664 0.23612 0.30241 0.35217 0.34543 0.37816 0.71986 0.93952 0.94102 0.82064 0.72075 0.50622 0.37875 0.39346 0.39777 0.41911 0.41684 0.38330 0.36173 0.38019 0.39482 0.38119 0.37138 0.35986 0.37107 0.37364 0.38150 0.37727 0.37504 0.37403 0.37018 0.38416 0.45537 0.77529 0.96562 0.97586 0.98296 0.97329 0.86814 0.73571 0.62729 0.56176 0.54731 0.52801 0.50108
0.35835 0.35145 0.36116 0.37015 0.37107 0.38769 0.40153 0.36641 0.35936 0.37563 0.36896 0.37427 0.40287 0.61070 0.91260 0.94736 0.84278 0.79592 0.46839 0.26085 0.26896 0.33894 0.35190 0.35918 0.40654 0.72909 0.94947 0.93149 0.80747 0.71538 0.50236 0.37140 0.39085 0.40015 0.41434 0.40963 0.37711 0.36403 0.37899 0.38519 0.38073 0.39244 0.37150 0.38368 0.37343 0.38359 0.37313 0.37439 0.36375 0.36586 0.37570 0.43921 0.78122 0.96683 0.98627 0.98280 0.97620 0.87333 0.73835 0.63595 0.56451 0.55390 0.53634 0.51510
0.36886 0.37219 0.38478 0.37977 0.37313 0.39675 0.41722 0.37717 0.37333 0.36628 0.36428 0.38425 0.43103 0.64646 0.91853 0.94374 0.84247 0.80100 0.46626 0.26585 0.29029 0.34250 0.35027 0.35436 0.40368 0.74876 0.95082 0.93828 0.81848 0.73937 0.50181 0.36914 0.39502 0.40702 0.42824 0.41491 0.39497 0.38557 0.39260 0.39394 0.39641 0.39722 0.37840 0.37440 0.36160 0.36328 0.35939 0.35455 0.36681 0.36741 0.37345 0.43269 0.76783 0.95979 0.98043 0.98174 0.98000 0.87763 0.74156 0.63642 0.56973 0.55107 0.54123 0.52320
0.36874 0.37248 0.38701 0.38692 0.38499 0.38822 0.39510 0.37648 0.36437 0.35699 0.36723 0.38776 0.45357 0.69149 0.93058 0.94966 0.83983 0.80036 0.46409 0.27320 0.31573 0.35009 0.35530 0.35024 0.40676 0.74397 0.95255 0.94387 0.83972 0.77071 0.50932 0.37286 0.40390 0.43370 0.46705 0.43142 0.39685 0.37943 0.36438 0.38054 0.36690 0.37376 0.37245 0.38302 0.37700 0.37175 0.37148 0.37538 0.38729 0.37817 0.37652 0.43571 0.76385 0.96392 0.97706 0.97848 0.97623 0.86033 0.73291 0.62939 0.57600 0.55415 0.54777 0.53513
0.36889 0.36711 0.37059 0.36534 0.37746 0.37147 0.38496 0.36703 0.35237 0.34574 0.35988 0.42030 0.47730 0.73093 0.94117 0.94060 0.83918 0.79697 0.46945 0.27385 0.33449 0.36377 0.36146 0.34832 0.39948 0.75662 0.95297 0.94155 0.84674 0.77957 0.51527 0.39435 0.42928 0.47794 0.50943 0.46343 0.39831 0.37060 0.38076 0.38771 0.38303 0.38428 0.38330 0.40721 0.38896 0.36926 0.36427 0.36463 0.36560 0.36362 0.36858 0.43289 0.77294 0.95897 0.98002 0.98349 0.97344 0.85046 0.72877 0.62468 0.57803 0.56311 0.54870 0.53968
0.38633 0.38603 0.38103 0.38507 0.38819 0.39069 0.40011 0.37417 0.38308 0.38510 0.38577 0.42909 0.50367 0.74218 0.94324 0.94386 0.84212 0.79919 0.47308 0.26888 0.34377 0.37118 0.36041 0.36103 0.42694 0.75770 0.96173 0.94423 0.85049 0.77678 0.52497 0.41893 0.45738 0.50515 0.52857 0.48357 0.39290 0.37729 0.37429 0.37282 0.36987 0.37463 0.36873 0.38868 0.36634 0.36207 0.35587 0.35429 0.35235 0.36708 0.38155 0.44309 0.77570 0.96399 0.96985 0.98135 0.96867 0.84175 0.72579 0.62202 0.57869 0.56301 0.54749 0.53452
0.37250 0.37744 0.37762 0.37118 0.37652 0.39825 0.40066 0.37573 0.36647 0.38143 0.37576 0.40735 0.46419 0.73570 0.94381 0.93944 0.84626 0.80525 0.47177 0.27340 0.35643 0.38256 0.37831 0.37684 0.44776 0.79354 0.96200 0.95339 0.85773 0.77974 0.51523 0.44421 0.49244 0.53889 0.55428 0.51328 0.36776 0.37083 0.37265 0.36967 0.36921 0.37791 0.37379 0.37965 0.37521 0.37812 0.37597 0.36821 0.35898 0.37572 0.39729 0.46533 0.79364 0.96638 0.97354 0.98334 0.97230 0.85498 0.72851 0.62193 0.57384 0.56372 0.55007 0.52853
0.37686 0.36900 0.36409 0.35141 0.35826 0.38735 0.39465 0.36827 0.36462 0.36282 0.37353 0.41343 0.47015 0.73461 0.94701 0.94647 0.84953 0.80306 0.47636 0.28972 0.37150 0.39019 0.37725 0.41532 0.48712 0.80847 0.96454 0.95298 0.85944 0.79264 0.49784 0.46184 0.51980 0.54694 0.56481 0.53382 0.37245 0.39129 0.37498 0.37386 0.37364 0.37468 0.35726 0.35800 0.36518 0.36478 0.36399 0.35719 0.36777 0.37348 0.38966 0.46607 0.81405 0.96280 0.97544 0.97905 0.97076 0.85246 0.72709 0.62257 0.56834 0.56455 0.55240 0.52936
0.37778 0.37828 0.40300 0.37589 0.36790 0.38924 0.40247 0.37681 0.36593 0.37471 0.38522 0.41415 0.48910 0.76282 0.95188 0.94339 0.84635 0.79632 0.49029 0.31490 0.38232 0.41042 0.38800 0.42826 0.49465 0.81886 0.96293 0.94486 0.85293 0.79815 0.48155 0.46808 0.52408 0.55668 0.57091 0.54088 0.39570 0.38153 0.37829 0.37633 0.37111 0.36769 0.35621 0.36388 0.36600 0.36420 0.38504 0.38925 0.38342 0.38783 0.41602 0.48580 0.81593 0.96478 0.97791 0.98093 0.96624 0.84004 0.72118 0.62427 0.56981 0.56225 0.55321 0.52447
0.37228 0.37593 0.40176 0.36923 0.38797 0.40043 0.41457 0.37127 0.35668 0.36483 0.36772 0.39484 0.46160 0.76897 0.95655 0.94626 0.85008 0.79863 0.49386 0.33138 0.38728 0.40800 0.40108 0.44121 0.50892 0.83026 0.96419 0.94156 0.84699 0.79887 0.47574 0.46236 0.52862 0.55994 0.57139 0.54106 0.39776 0.37346 0.36929 0.37308 0.37476 0.38407 0.38646 0.38517 0.38683 0.38434 0.38540 0.38805 0.38589 0.38046 0.40624 0.47997 0.81599 0.96024 0.97585 0.98448 0.96780 0.83892 0.72404 0.62482 0.57267 0.56103 0.54832 0.53260
0.38439 0.37914 0.37881 0.37338 0.38530 0.39669 0.39968 0.36823 0.36817 0.38717 0.38689 0.41843 0.49352 0.78838 0.95737 0.95018 0.85633 0.79735 0.49537 0.34783 0.39156 0.40729 0.40621 0.43720 0.49996 0.82944 0.96361 0.93550 0.84397 0.79532 0.48104 0.47734 0.54115 0.56771 0.57813 0.54126 0.38752 0.37339 0.37296 0.37663 0.36895 0.37003 0.36799 0.37456 0.36285 0.36996 0.37084 0.37382 0.37874 0.37851 0.40404 0.48489 0.82877 0.96264 0.97677 0.98152 0.96335 0.82736 0.71697 0.62253 0.57182 0.56442 0.54791 0.54513
0.37818 0.37527 0.39087 0.38327 0.38262 0.40133 0.39349 0.36883 0.36946 0.36687 0.37510 0.41660 0.49515 0.80258 0.96115 0.94833 0.86145 0.79965 0.50120 0.35386 0.39690 0.42293 0.42411 0.45246 0.50759 0.82682 0.95734 0.93577 0.84481 0.79289 0.47378 0.50358 0.55140 0.57012 0.58946 0.54595 0.38212 0.37293 0.37143 0.36748 0.34584 0.35745 0.36275 0.36306 0.36776 0.37965 0.37940 0.36971 0.37988 0.37523 0.41174 0.49885 0.84088 0.96732 0.97912 0.98573 0.96584 0.83602 0.72186 0.62126 0.57160 0.56765 0.54941 0.55094
0.36617 0.36541 0.36336 0.36986 0.36592 0.38594 0.38987 0.35249 0.34712 0.35837 0.36946 0.42107 0.48994 0.80745 0.96100 0.94453 0.86213 0.79527 0.50526 0.36372 0.39299 0.41772 0.43398 0.46061 0.51349 0.83364 0.96153 0.93391 0.84899 0.79303 0.46361 0.50723 0.55673 0.57271 0.58959 0.54624 0.37428 0.35354 0.35534 0.35898 0.36875 0.36495 0.35717 0.35992 0.37114 0.39021 0.38026 0.36124 0.35927 0.36703 0.40973 0.48995 0.83991 0.96050 0.97843 0.98162 0.95612 0.81793 0.71695 0.61527 0.57119 0.55978 0.55388 0.54219
0.38450 0.39446 0.38450 0.38045 0.37667 0.38486 0.39029 0.38063 0.37395 0.36781 0.37773 0.43046 0.49590 0.80058 0.95890 0.94159 0.86400 0.79536 0.50937 0.36815 0.40142 0.44913 0.46059 0.46546 0.51553 0.84186 0.96975 0.94460 0.85468 0.79196 0.45805 0.50964 0.55996 0.57790 0.60381 0.54894 0.39479 0.38108 0.37457 0.36778 0.37193 0.36911 0.36563 0.37079 0.36599 0.36823 0.36730 0.36430 0.36738 0.38159 0.42987 0.49397 0.83026 0.96751 0.98263 0.98176 0.95004 0.80396 0.71237 0.60921 0.56909 0.55900 0.55295 0.53825
0.35641 0.38017 0.38840 0.38262 0.37684 0.37769 0.38205 0.37257 0.35727 0.35945 0.37553 0.42057 0.48261 0.79679 0.95915 0.93628 0.85997 0.79466 0.51005 0.37619 0.42223 0.47901 0.49627 0.47780 0.52453 0.84637 0.96971 0.94982 0.87008 0.79383 0.47787 0.53679 0.60689 0.65772 0.69486 0.60554 0.44771 0.38868 0.37209 0.35593 0.37032 0.37358 0.36805 0.37259 0.37418 0.38407 0.37777 0.37453 0.38346 0.38325 0.41382 0.48944 0.83198 0.96821 0.97888 0.97933 0.94521 0.79802 0.70661 0.60510 0.56536 0.55316 0.55211 0.54969
0.36952 0.37377 0.37125 0.37132 0.35618 0.38006 0.38048 0.37969 0.37266 0.37165 0.37299 0.42945 0.50146 0.81041 0.95662 0.93359 0.84721 0.78764 0.51056 0.39778 0.46886 0.52158 0.53283 0.50708 0.55130 0.86386 0.96715 0.94721 0.90736 0.82441 0.63589 0.75208 0.81701 0.87637 0.79691 0.71286 0.47383 0.38160 0.38271 0.37551 0.37779 0.37247 0.36065 0.39120 0.38161 0.37332 0.37570 0.37649 0.37664 0.37194 0.41024 0.50366 0.84321 0.96427 0.97811 0.97925 0.95773 0.81248 0.70635 0.60198 0.56304 0.55835 0.55343 0.54713
0.37398 0.37774 0.38411 0.38689 0.37632 0.42610 0.39472 0.37970 0.36740 0.36182 0.37071 0.41277 0.49651 0.80972 0.96230 0.93460 0.85726 0.77905 0.51596 0.45368 0.53115 0.55184 0.56586 0.61530 0.69352 0.90690 0.96245 0.94490 0.93505 0.92496 0.91066 0.93364 0.93065 0.91647 0.84039 0.75023 0.43187 0.38078 0.38345 0.36911 0.34786 0.35013 0.36272 0.36435 0.36235 0.36421 0.37051 0.36231 0.36454 0.36799 0.39676 0.50889 0.85606 0.95929 0.97265 0.97618 0.94238 0.79733 0.69758 0.60244 0.56638 0.55927 0.55602 0.55357
0.36547 0.36479 0.36948 0.36468 0.37764 0.42677 0.38876 0.35907 0.35424 0.35220 0.36409 0.41432 0.48968 0.80533 0.96119 0.94110 0.87241 0.79762 0.53535 0.54783 0.65344 0.72516 0.78131 0.85022 0.92202 0.91657 0.95432 0.93592 0.92197 0.91358 0.90728 0.89326 0.88870 0.87348 0.83061 0.71467 0.37507 0.36280 0.36012 0.36296 0.36045 0.36041 0.37129 0.37097 0.37447 0.38310 0.37709 0.36102 0.35677 0.36889 0.39382 0.51290 0.86091 0.96709 0.97403 0.97962 0.93978 0.78950 0.69881 0.60449 0.56379 0.56372 0.55909 0.54918
0.36592 0.38317 0.37469 0.37507 0.38185 0.42034 0.39233 0.36741 0.36582 0.36866 0.39311 0.43974 0.51841 0.81538 0.95276 0.94129 0.92926 0.91069 0.87224 0.85526 0.89520 0.92786 0.93375 0.92485 0.91141 0.89078 0.90614 0.89419 0.87078 0.85967 0.85217 0.84671 0.84133 0.83610 0.78546 0.64807 0.38553 0.37995 0.37576 0.36917 0.36489 0.37156 0.36598 0.35309 0.35672 0.37123 0.36195 0.35534 0.34961 0.35563 0.37473 0.50072 0.85447 0.96355 0.97647 0.97661 0.93934 0.79399 0.70214 0.60782 0.56763 0.56017 0.55608 0.55341
0.35998 0.38174 0.38093 0.36929 0.37615 0.40209 0.40422 0.37593 0.35416 0.34320 0.36785 0.42070 0.50644 0.82400 0.95934 0.94177 0.93530 0.92607 0.92075 0.91884 0.90642 0.89337 0.88380 0.88614 0.88998 0.87981 0.85652 0.83983 0.82879 0.81958 0.81167 0.80247 0.79675 0.78385 0.77746 0.59502 0.42805 0.36271 0.36408 0.36207 0.36150 0.35261 0.35371 0.34751 0.35870 0.36994 0.36330 0.36819 0.37414 0.37507 0.39549 0.52041 0.85078 0.96599 0.97321 0.98040 0.94158 0.79202 0.70576 0.60535 0.57330 0.56626 0.55632 0.54255
0.37557 0.37286 0.35670 0.35426 0.35604 0.38281 0.38956 0.36639 0.35978 0.35662 0.37598 0.46390 0.54371 0.83478 0.94087 0.91817 0.91798 0.90856 0.88485 0.88080 0.87684 0.85612 0.84840 0.85236 0.85311 0.86642 0.84253 0.80717 0.78136 0.74213 0.69453 0.62378 0.54828 0.49672 0.49513 0.56460 0.42670 0.36467 0.36869 0.36746 0.35934 0.36275 0.36921 0.36759 0.37187 0.38010 0.37812 0.37223 0.36537 0.36125 0.38488 0.52473 0.85881 0.96339 0.97127 0.98309 0.95181 0.79503 0.70914 0.60414 0.56621 0.56227 0.55500 0.54223
