0.39257 0.35916 0.34358 0.36132 0.37656 0.36957 0.36191 0.35193 0.35692 0.35548 0.35394 0.35638 0.37080 0.37934 0.40105 0.39304 0.38259 0.38206 0.38139 0.36257 0.34941 0.34438 0.31097 0.20571 0.14450 0.14126 0.13278 0.12654 0.12910 0.12944 0.13147 0.12516 0.11696 0.11531 0.11475 0.12152 0.12797 0.12453 0.12152 0.11195 0.11030 0.10443 0.10456 0.11197 0.10258 0.09638 0.09322 0.08984 0.08549 0.08518 0.07842 0.08223 0.08158 0.09113 0.10299 0.10513 0.10847 0.09066 0.08181 0.08339 0.07520 0.07119 0.07175 0.06137
0.41476 0.38154 0.37779 0.37678 0.38240 0.37502 0.37709 0.38545 0.37576 0.38182 0.38794 0.38326 0.37920 0.38481 0.38735 0.36514 0.36119 0.36644 0.37686 0.37732 0.37725 0.37193 0.36324 0.30695 0.21955 0.16220 0.13329 0.13053 0.12169 0.13236 0.13896 0.12000 0.10303 0.10898 0.11261 0.11067 0.10998 0.12070 0.12461 0.13317 0.12415 0.11871 0.12235 0.12221 0.12320 0.11192 0.10739 0.10226 0.09562 0.09993 0.09534 0.09628 0.08968 0.09031 0.09762 0.11018 0.10521 0.09584 0.07838 0.07176 0.06985 0.06922 0.06748 0.05506
0.40319 0.37368 0.36897 0.36403 0.36609 0.36166 0.36113 0.37599 0.37237 0.38288 0.37542 0.36130 0.36669 0.36691 0.36991 0.36455 0.38077 0.38221 0.38594 0.39615 0.38337 0.35840 0.35585 0.35515 0.32192 0.24785 0.18213 0.15144 0.13971 0.13569 0.12488 0.12257 0.11081 0.11379 0.11916 0.12462 0.13283 0.13087 0.12799 0.13335 0.14286 0.13536 0.12021 0.12789 0.12181 0.11462 0.11465 0.11448 0.10517 0.09152 0.08883 0.09853 0.09292 0.09394 0.10055 0.10543 0.09953 0.08676 0.07135 0.07233 0.07599 0.08150 0.07869 0.06598
0.37374 0.36466 0.36624 0.37084 0.36670 0.37103 0.36571 0.38796 0.37908 0.36981 0.37507 0.38316 0.38716 0.37946 0.37358 0.36852 0.37690 0.36847 0.36855 0.36994 0.38015 0.38837 0.37808 0.37043 0.36444 0.35976 0.28779 0.22164 0.17822 0.15515 0.13626 0.13218 0.12042 0.11999 0.13877 0.12979 0.12651 0.12826 0.13712 0.14446 0.14137 0.13328 0.12131 0.13055 0.12446 0.11760 0.11465 0.11481 0.12689 0.11160 0.10124 0.09610 0.08794 0.09077 0.09892 0.10216 0.09131 0.08609 0.07710 0.07317 0.07406 0.07936 0.07653 0.07655
0.36100 0.36676 0.37330 0.39199 0.39398 0.38912 0.37853 0.39407 0.38242 0.38104 0.37100 0.36492 0.37701 0.37645 0.36033 0.36934 0.38016 0.38113 0.38404 0.38506 0.39362 0.39259 0.38787 0.36673 0.37386 0.37026 0.35191 0.34443 0.32547 0.27715 0.22639 0.17588 0.13581 0.12874 0.13568 0.12940 0.12050 0.12058 0.13396 0.14550 0.14121 0.13774 0.13583 0.13440 0.13658 0.13267 0.12207 0.11644 0.12193 0.12569 0.11700 0.09937 0.09136 0.09217 0.09246 0.08651 0.08264 0.08590 0.08124 0.08125 0.07913 0.08169 0.07940 0.09007
0.38294 0.36525 0.37545 0.38190 0.37734 0.37604 0.37395 0.38805 0.36785 0.36335 0.35316 0.35542 0.37918 0.37832 0.37745 0.37751 0.38742 0.39543 0.38527 0.37835 0.36475 0.36602 0.37414 0.37665 0.39049 0.39178 0.39599 0.39221 0.38230 0.37310 0.32678 0.24304 0.17249 0.14146 0.13464 0.13137 0.12874 0.12239 0.14162 0.13600 0.13813 0.13511 0.14048 0.13580 0.13603 0.12671 0.12265 0.13160 0.13010 0.12366 0.12582 0.10805 0.09852 0.09406 0.09743 0.10003 0.09883 0.09745 0.10409 0.10081 0.08437 0.07968 0.07796 0.08794
0.40572 0.37252 0.37762 0.37046 0.36823 0.37684 0.37120 0.39138 0.39032 0.38303 0.37015 0.36820 0.37573 0.37336 0.37073 0.37029 0.36226 0.36777 0.36980 0.38398 0.38135 0.38377 0.39133 0.38580 0.38430 0.39354 0.36726 0.37449 0.37298 0.38416 0.38727 0.37474 0.30042 0.20414 0.14875 0.13683 0.13754 0.13735 0.14453 0.13824 0.12368 0.13499 0.13796 0.14131 0.14148 0.13395 0.12523 0.12994 0.12963 0.12991 0.12699 0.12138 0.10891 0.10238 0.10308 0.11001 0.11223 0.11936 0.12765 0.11779 0.09535 0.08935 0.08047 0.08586
0.39550 0.37178 0.37598 0.37295 0.38091 0.37444 0.37492 0.40272 0.38842 0.38217 0.38095 0.36376 0.34561 0.35683 0.36288 0.37735 0.38032 0.37549 0.38041 0.37625 0.36471 0.35481 0.35483 0.36459 0.37457 0.36731 0.37746 0.38395 0.38199 0.38347 0.39881 0.39454 0.37553 0.31350 0.21205 0.15459 0.13484 0.14108 0.13786 0.13374 0.12255 0.13519 0.13466 0.13748 0.13839 0.12715 0.12633 0.12564 0.12556 0.12594 0.12298 0.12512 0.12198 0.12036 0.11653 0.11938 0.11499 0.11610 0.12933 0.12685 0.11066 0.10359 0.10408 0.10259
0.38507 0.36966 0.36850 0.37250 0.36194 0.36912 0.36716 0.38121 0.36751 0.37454 0.36929 0.36432 0.36067 0.37139 0.37786 0.38404 0.39384 0.38070 0.37181 0.35469 0.35492 0.37289 0.38494 0.38794 0.38522 0.37923 0.38789 0.38516 0.37454 0.37842 0.38893 0.37824 0.36987 0.36924 0.33924 0.26759 0.20457 0.15887 0.14304 0.13356 0.12700 0.14166 0.14265 0.13327 0.13926 0.14072 0.13329 0.13012 0.13194 0.12599 0.12499 0.12457 0.13135 0.12150 0.13001 0.12596 0.12476 0.12473 0.12684 0.11978 0.10914 0.11179 0.11219 0.11137
0.37683 0.37181 0.37909 0.38982 0.37501 0.38337 0.37630 0.39498 0.39204 0.38774 0.37949 0.38294 0.37506 0.36460 0.35855 0.36932 0.36577 0.35790 0.37242 0.38152 0.38004 0.38997 0.38680 0.37435 0.36815 0.37193 0.37642 0.38298 0.37988 0.38034 0.37280 0.38113 0.38871 0.39788 0.38937 0.36343 0.31234 0.25144 0.21083 0.17358 0.14859 0.15357 0.14462 0.14789 0.13398 0.13993 0.12557 0.12922 0.13023 0.12655 0.13451 0.12750 0.12266 0.12364 0.12941 0.13167 0.12329 0.12639 0.11623 0.11535 0.10511 0.10870 0.11793 0.12072
0.37267 0.37310 0.36178 0.38139 0.37855 0.38279 0.37335 0.38313 0.39145 0.37561 0.36918 0.36520 0.36762 0.37863 0.39043 0.38485 0.38327 0.39387 0.38951 0.37617 0.37630 0.37474 0.37701 0.37352 0.37765 0.38891 0.39312 0.38377 0.38376 0.39967 0.37833 0.38297 0.37261 0.38162 0.37497 0.37712 0.37917 0.38509 0.35844 0.28834 0.21587 0.16515 0.14473 0.14366 0.13591 0.13491 0.11806 0.13888 0.12852 0.12841 0.13438 0.12877 0.12693 0.11210 0.11302 0.12910 0.12319 0.12119 0.11858 0.11805 0.10911 0.11006 0.11740 0.11665
0.42107 0.38666 0.37770 0.38685 0.37601 0.36140 0.35692 0.38009 0.38263 0.37523 0.38372 0.37546 0.38619 0.39222 0.39223 0.37229 0.37168 0.37666 0.37152 0.37482 0.37260 0.37865 0.39095 0.38072 0.37418 0.38227 0.38068 0.38053 0.37439 0.37708 0.37008 0.37554 0.38166 0.39623 0.39777 0.40253 0.39567 0.38104 0.36401 0.36689 0.32876 0.26366 0.19267 0.15131 0.14033 0.13097 0.13210 0.12843 0.14020 0.13387 0.12681 0.14043 0.12601 0.11756 0.12174 0.12888 0.12683 0.11464 0.12738 0.12442 0.11470 0.12115 0.12333 0.12728
0.39774 0.38728 0.37358 0.37291 0.37202 0.39186 0.38366 0.39166 0.39483 0.39293 0.39517 0.39172 0.38921 0.37800 0.37477 0.37874 0.38043 0.39443 0.39434 0.38660 0.39138 0.38426 0.36926 0.36346 0.36787 0.36282 0.37572 0.38174 0.38552 0.39241 0.39408 0.39725 0.39059 0.37263 0.37062 0.37644 0.37608 0.37211 0.38179 0.38632 0.38453 0.37707 0.32673 0.22893 0.16483 0.13727 0.13451 0.12996 0.13052 0.12802 0.13263 0.13283 0.12798 0.11687 0.13334 0.12990 0.12582 0.11962 0.12408 0.12452 0.13356 0.13757 0.12983 0.11990
0.38731 0.36824 0.34341 0.34682 0.36809 0.38357 0.38531 0.39563 0.37121 0.38316 0.37531 0.39277 0.38019 0.38050 0.37562 0.38482 0.38485 0.38837 0.38533 0.36804 0.37633 0.35919 0.36402 0.36446 0.37670 0.39046 0.38626 0.38863 0.38969 0.38489 0.38667 0.38809 0.36190 0.36622 0.36819 0.38462 0.39141 0.38212 0.38739 0.39172 0.38639 0.39176 0.38803 0.35890 0.26662 0.20683 0.16985 0.14414 0.13770 0.13443 0.13433 0.13965 0.12708 0.12096 0.12821 0.11848 0.11488 0.11732 0.12556 0.12867 0.13763 0.13566 0.13131 0.13000
0.37468 0.37139 0.37463 0.38866 0.37249 0.37138 0.37772 0.38649 0.36944 0.37883 0.38449 0.40142 0.37774 0.37225 0.36732 0.37119 0.37075 0.37410 0.36664 0.37802 0.37988 0.37835 0.38892 0.37726 0.36867 0.37643 0.37308 0.37356 0.35831 0.36915 0.37354 0.36924 0.37145 0.37971 0.38181 0.37722 0.36985 0.37350 0.36973 0.36920 0.36965 0.38215 0.39053 0.39197 0.39336 0.34626 0.25196 0.16810 0.13700 0.13657 0.12901 0.12115 0.11987 0.13299 0.12846 0.12606 0.12323 0.12310 0.12868 0.13271 0.12856 0.13390 0.12763 0.13943
0.35040 0.36007 0.36771 0.38634 0.37314 0.37328 0.38195 0.39409 0.38001 0.36111 0.37287 0.38751 0.36470 0.36639 0.37050 0.37403 0.38165 0.38641 0.38678 0.38249 0.37773 0.38721 0.38284 0.36573 0.36312 0.36933 0.38133 0.38261 0.36973 0.37946 0.38258 0.37237 0.37458 0.36270 0.36125 0.37154 0.38455 0.39324 0.39121 0.39227 0.39275 0.39036 0.39005 0.38922 0.39053 0.35619 0.32617 0.28492 0.22030 0.16063 0.13768 0.12559 0.13622 0.13305 0.13471 0.12404 0.11778 0.12189 0.13409 0.13030 0.13291 0.13621 0.13331 0.14855
0.40087 0.38589 0.36558 0.37030 0.36025 0.35659 0.36420 0.37596 0.37135 0.37171 0.37590 0.38327 0.38055 0.38063 0.37939 0.36911 0.38072 0.37340 0.37169 0.37231 0.36889 0.38859 0.37589 0.37448 0.38098 0.38027 0.38423 0.36045 0.37116 0.36756 0.36200 0.36434 0.36879 0.36580 0.37889 0.38959 0.39216 0.38642 0.38823 0.38006 0.37813 0.37748 0.36701 0.36861 0.38300 0.38037 0.38079 0.38038 0.35028 0.27549 0.20803 0.17381 0.14569 0.12490 0.12950 0.12787 0.12416 0.12677 0.14443 0.14235 0.13987 0.15309 0.16868 0.18246
0.39053 0.37154 0.37827 0.37792 0.37913 0.38590 0.39580 0.40242 0.39194 0.38855 0.39209 0.37683 0.36958 0.37199 0.36706 0.36770 0.37879 0.38603 0.38713 0.39202 0.39275 0.38845 0.38424 0.37841 0.38479 0.36599 0.35640 0.36061 0.37106 0.37069 0.37752 0.38449 0.38578 0.38727 0.38149 0.37825 0.37322 0.36574 0.36406 0.36869 0.37628 0.39182 0.38615 0.37494 0.36636 0.37274 0.37176 0.37164 0.36283 0.34208 0.33772 0.29922 0.22482 0.15811 0.14133 0.14914 0.14566 0.15701 0.19709 0.22410 0.22357 0.23309 0.29397 0.32098
0.37022 0.35874 0.35690 0.36113 0.36563 0.35811 0.37616 0.37496 0.36584 0.37225 0.36684 0.37088 0.37320 0.38200 0.38402 0.38243 0.39283 0.39315 0.38722 0.37134 0.37047 0.36334 0.36635 0.37423 0.37780 0.37679 0.38467 0.39158 0.38718 0.37342 0.35998 0.36753 0.37733 0.38200 0.37544 0.39098 0.39980 0.40130 0.38771 0.38143 0.37910 0.38265 0.37436 0.35603 0.35478 0.35547 0.35524 0.36031 0.36495 0.36095 0.36842 0.35692 0.30085 0.23600 0.20632 0.21362 0.23895 0.24463 0.30151 0.35329 0.38726 0.40049 0.42452 0.44651
0.36943 0.36671 0.38319 0.38166 0.37232 0.35491 0.38251 0.38256 0.37194 0.37546 0.38540 0.39607 0.38975 0.37892 0.37518 0.37741 0.38227 0.38216 0.37637 0.37047 0.38205 0.37721 0.37929 0.38416 0.38382 0.37034 0.36787 0.37200 0.36447 0.36128 0.36481 0.37403 0.39103 0.40156 0.38234 0.37677 0.38763 0.37435 0.36479 0.36240 0.36540 0.35628 0.37872 0.37667 0.37960 0.38572 0.37790 0.37960 0.37973 0.37324 0.35552 0.29921 0.25067 0.29972 0.31812 0.34372 0.36790 0.39595 0.40984 0.43029 0.46771 0.48859 0.51033 0.53455
0.35463 0.36326 0.37932 0.39249 0.38132 0.37879 0.38727 0.39559 0.38546 0.37521 0.37750 0.39502 0.37170 0.37222 0.37614 0.38893 0.39547 0.38258 0.38030 0.36652 0.37544 0.37306 0.37625 0.35870 0.36013 0.36695 0.38345 0.38127 0.39430 0.37726 0.37688 0.37383 0.36895 0.37248 0.36249 0.35349 0.36560 0.36391 0.37152 0.38120 0.38777 0.38606 0.38857 0.38131 0.37840 0.38014 0.37942 0.36999 0.36655 0.36805 0.32963 0.20082 0.19111 0.31457 0.37713 0.39425 0.43599 0.47952 0.49987 0.51763 0.54121 0.55174 0.56910 0.57618
0.37868 0.36874 0.36798 0.37247 0.35488 0.36298 0.36580 0.36695 0.36277 0.38093 0.38532 0.38406 0.37774 0.38422 0.38202 0.38354 0.36758 0.36915 0.36728 0.35843 0.36183 0.36634 0.37807 0.37941 0.39521 0.38928 0.39063 0.38871 0.38217 0.37491 0.37655 0.36548 0.37717 0.37638 0.37728 0.38484 0.39375 0.38644 0.37669 0.37643 0.37941 0.36966 0.37424 0.36572 0.37488 0.37320 0.37172 0.37723 0.38660 0.38755 0.34294 0.19671 0.17750 0.34178 0.40550 0.44825 0.51567 0.54671 0.55931 0.56294 0.56011 0.54898 0.53072 0.51084
0.39240 0.38410 0.37944 0.38275 0.37158 0.38035 0.38866 0.39736 0.38341 0.39837 0.37095 0.37236 0.36293 0.36165 0.35974 0.34655 0.36728 0.38746 0.38691 0.40175 0.40139 0.39550 0.37421 0.37868 0.38180 0.36706 0.36341 0.35832 0.37138 0.37586 0.38518 0.37414 0.38584 0.38033 0.38477 0.37536 0.37258 0.37213 0.36895 0.36653 0.37174 0.37534 0.38623 0.39097 0.39302 0.37901 0.37428 0.36890 0.37395 0.37269 0.35422 0.26264 0.20188 0.40739 0.49230 0.53145 0.55021 0.52921 0.49509 0.46533 0.44581 0.42521 0.41773 0.39958
0.36189 0.35664 0.36310 0.36484 0.36295 0.37532 0.39269 0.39768 0.37123 0.37761 0.36610 0.35484 0.36027 0.36849 0.37947 0.38461 0.39709 0.38639 0.37449 0.37657 0.37385 0.36810 0.36825 0.37093 0.38110 0.37053 0.37489 0.36948 0.37394 0.37126 0.36942 0.37109 0.37892 0.37431 0.37244 0.36494 0.37349 0.39428 0.40106 0.39736 0.38867 0.38316 0.37291 0.36732 0.36216 0.35378 0.35193 0.34873 0.36284 0.37794 0.37114 0.33426 0.27542 0.47840 0.57634 0.54682 0.52573 0.44289 0.38401 0.37278 0.37694 0.38085 0.36573 0.35562
0.35240 0.35015 0.35906 0.38038 0.37806 0.37470 0.38316 0.38796 0.37558 0.38535 0.38271 0.38738 0.38360 0.37930 0.37894 0.37613 0.36968 0.36236 0.35929 0.36176 0.37518 0.38915 0.37983 0.38136 0.36802 0.37086 0.37317 0.37105 0.37005 0.37145 0.37240 0.37959 0.36804 0.35512 0.35574 0.35528 0.38477 0.40282 0.39911 0.38121 0.38019 0.37940 0.36608 0.37508 0.38229 0.38052 0.37110 0.36792 0.38350 0.39047 0.36447 0.35144 0.33900 0.55982 0.68234 0.60462 0.56166 0.45863 0.31769 0.30374 0.29803 0.31628 0.32705 0.33941
0.33065 0.33782 0.36680 0.39352 0.37938 0.38178 0.38885 0.39738 0.38635 0.37518 0.37571 0.36528 0.35256 0.35179 0.36542 0.37999 0.37146 0.37372 0.37218 0.36885 0.38017 0.38552 0.37819 0.37042 0.36585 0.36257 0.37026 0.37752 0.37161 0.37494 0.36580 0.37026 0.37133 0.37351 0.38896 0.39530 0.38088 0.37586 0.36869 0.36285 0.37606 0.38970 0.37831 0.38477 0.38489 0.37145 0.36519 0.35281 0.35597 0.36594 0.35077 0.34298 0.39873 0.66623 0.79410 0.68308 0.63113 0.50416 0.28550 0.23359 0.23741 0.28508 0.32869 0.34562
0.35432 0.35736 0.36560 0.38012 0.36735 0.37373 0.37230 0.37778 0.35267 0.35091 0.36285 0.36786 0.37359 0.38109 0.38038 0.38601 0.38317 0.38968 0.37371 0.37017 0.36988 0.36272 0.36679 0.36212 0.36551 0.36691 0.36217 0.37494 0.37211 0.38266 0.38200 0.38965 0.39709 0.40313 0.41552 0.40779 0.39655 0.39110 0.38906 0.39668 0.38901 0.37425 0.37475 0.36309 0.35898 0.36116 0.35896 0.36449 0.37333 0.38057 0.37511 0.36158 0.48413 0.80392 0.89069 0.73685 0.66773 0.53562 0.29724 0.23757 0.23073 0.29788 0.32981 0.34976
0.37721 0.37796 0.38345 0.38387 0.36788 0.37275 0.38720 0.39213 0.38645 0.39180 0.37854 0.37097 0.37010 0.38576 0.36928 0.37662 0.36788 0.36348 0.36722 0.36601 0.36313 0.36147 0.36651 0.36315 0.36067 0.38000 0.39629 0.40543 0.40433 0.40564 0.42008 0.42572 0.40325 0.38942 0.39867 0.39269 0.38160 0.37501 0.36550 0.36952 0.36855 0.36542 0.36431 0.36513 0.37814 0.38341 0.39056 0.38399 0.38434 0.38683 0.36889 0.37847 0.51445 0.87847 0.94521 0.78210 0.69339 0.54401 0.32567 0.30518 0.28437 0.31567 0.35153 0.38041
0.36975 0.36667 0.37629 0.38442 0.37864 0.38155 0.41503 0.39284 0.38189 0.39161 0.37275 0.35074 0.31312 0.32510 0.33178 0.35327 0.35807 0.35831 0.36924 0.38208 0.39071 0.39164 0.39379 0.39580 0.40735 0.42090 0.47626 0.48659 0.43216 0.38984 0.37535 0.36332 0.36337 0.36923 0.36998 0.35834 0.35590 0.35819 0.36256 0.36620 0.37466 0.37672 0.37854 0.38118 0.36871 0.36341 0.37388 0.35519 0.33842 0.35733 0.35961 0.37841 0.54122 0.91038 0.95796 0.81729 0.71538 0.54446 0.34166 0.34185 0.33581 0.34568 0.34999 0.36349
0.35411 0.36975 0.37600 0.37276 0.36299 0.37310 0.39943 0.36807 0.36889 0.37921 0.37497 0.35602 0.22947 0.19461 0.23902 0.32925 0.36171 0.38934 0.40075 0.41099 0.42170 0.43189 0.44679 0.44729 0.41979 0.40734 0.54313 0.56086 0.46364 0.32587 0.28806 0.28991 0.31532 0.33914 0.35088 0.35570 0.36674 0.37812 0.37743 0.37611 0.36481 0.35403 0.35784 0.36155 0.35558 0.36175 0.37054 0.38052 0.38470 0.37440 0.38253 0.39660 0.56389 0.91924 0.96253 0.84530 0.73361 0.53919 0.35578 0.36683 0.34394 0.35344 0.37571 0.37279
0.37271 0.37295 0.38109 0.38181 0.37546 0.37788 0.40976 0.40393 0.39429 0.38823 0.37382 0.34777 0.23681 0.15690 0.23870 0.38341 0.40483 0.41411 0.43076 0.43328 0.41076 0.37420 0.33576 0.30457 0.30093 0.32077 0.62815 0.61882 0.48382 0.33525 0.28504 0.24742 0.30038 0.34493 0.35663 0.36804 0.37854 0.37611 0.35471 0.35971 0.35201 0.36171 0.37564 0.37826 0.38758 0.37608 0.36096 0.36512 0.37656 0.37534 0.36415 0.38780 0.57273 0.92408 0.96899 0.88677 0.76229 0.54072 0.37387 0.38180 0.35741 0.36177 0.37123 0.37652
0.35336 0.34853 0.36719 0.35691 0.36269 0.38042 0.38777 0.38589 0.37054 0.37456 0.36388 0.35014 0.29285 0.20457 0.32956 0.46395 0.40176 0.32651 0.22258 0.17258 0.15061 0.12947 0.11850 0.09463 0.07507 0.25003 0.66161 0.67219 0.50115 0.34927 0.32239 0.27518 0.30751 0.34265 0.35287 0.37938 0.38163 0.38133 0.37168 0.37658 0.38389 0.38000 0.37905 0.37780 0.36923 0.34726 0.34631 0.34394 0.36220 0.36479 0.37063 0.40286 0.59198 0.92923 0.97796 0.95787 0.81353 0.58247 0.40004 0.39973 0.36461 0.36575 0.38422 0.38523
0.37263 0.37345 0.37825 0.37128 0.35693 0.35466 0.37027 0.37623 0.37401 0.36866 0.37587 0.38127 0.37305 0.30850 0.41734 0.53711 0.44193 0.29104 0.16758 0.09825 0.06989 0.06890 0.08695 0.09923 0.07808 0.27728 0.73037 0.74637 0.49798 0.35852 0.34456 0.31837 0.33972 0.35815 0.37566 0.37858 0.38268 0.38328 0.37739 0.38176 0.36528 0.34890 0.35523 0.36105 0.35472 0.35238 0.37416 0.37355 0.37673 0.37430 0.37792 0.41643 0.62186 0.93828 0.98050 0.98371 0.85967 0.64499 0.42833 0.41247 0.37387 0.37960 0.38371 0.38116
0.35494 0.35934 0.36690 0.36314 0.36831 0.38291 0.39036 0.36378 0.36576 0.37595 0.38039 0.37142 0.36230 0.35470 0.48371 0.59157 0.46454 0.34733 0.21258 0.09030 0.06710 0.07053 0.08985 0.11417 0.14521 0.34802 0.84275 0.86070 0.57346 0.39327 0.34982 0.34241 0.35085 0.36185 0.37161 0.37086 0.37149 0.37702 0.35522 0.36480 0.36608 0.36810 0.37631 0.38178 0.38389 0.37260 0.37067 0.36504 0.36216 0.35695 0.35942 0.39453 0.63210 0.94881 0.98076 0.98815 0.89539 0.70557 0.46051 0.44608 0.38853 0.37725 0.37682 0.37889
0.37349 0.37029 0.36192 0.36618 0.36186 0.37866 0.39839 0.37966 0.37604 0.37578 0.36622 0.37028 0.36476 0.40145 0.57498 0.64656 0.48393 0.37771 0.28288 0.08018 0.07531 0.08422 0.11442 0.13910 0.17306 0.45805 0.88470 0.92692 0.68448 0.45779 0.34865 0.35846 0.36729 0.37167 0.38343 0.38824 0.38269 0.38586 0.38644 0.38629 0.39015 0.38176 0.36848 0.35890 0.35800 0.34244 0.35694 0.36384 0.36503 0.35900 0.36833 0.40461 0.62417 0.95450 0.98311 0.98552 0.92332 0.75530 0.50573 0.47977 0.39496 0.39293 0.37775 0.37666
0.37407 0.38464 0.39129 0.38903 0.37538 0.38693 0.38947 0.38379 0.37919 0.38017 0.37597 0.37598 0.38484 0.47582 0.70479 0.74848 0.49929 0.40567 0.33024 0.10025 0.09996 0.10477 0.13469 0.18082 0.19879 0.54901 0.90659 0.93965 0.75115 0.49491 0.34853 0.36307 0.36741 0.36539 0.38600 0.39120 0.37523 0.37445 0.38089 0.38445 0.36406 0.36039 0.36209 0.36252 0.37413 0.37471 0.36988 0.36881 0.37237 0.37078 0.37441 0.41698 0.64672 0.95687 0.98788 0.99093 0.94344 0.78925 0.56361 0.51533 0.44392 0.42152 0.37713 0.37289
0.36759 0.36881 0.38475 0.37812 0.37217 0.37146 0.38850 0.38467 0.38235 0.36306 0.35573 0.35808 0.38237 0.47996 0.81173 0.87320 0.58167 0.45234 0.34432 0.12741 0.11176 0.12630 0.15306 0.21683 0.23733 0.58490 0.92174 0.94849 0.78273 0.51652 0.35502 0.36110 0.36642 0.37233 0.38027 0.39103 0.38428 0.37683 0.37530 0.38323 0.37246 0.38411 0.39123 0.38522 0.37880 0.36539 0.34904 0.36282 0.36325 0.35405 0.35931 0.39297 0.68070 0.96661 0.98546 0.98761 0.96472 0.82778 0.62862 0.55067 0.52013 0.52022 0.42963 0.38876
0.37191 0.37347 0.37898 0.36316 0.35702 0.36378 0.37442 0.37333 0.36886 0.36589 0.38247 0.37949 0.39960 0.50180 0.87512 0.92532 0.68426 0.48902 0.34184 0.14367 0.12749 0.14169 0.18006 0.23478 0.24105 0.60748 0.92957 0.95739 0.80884 0.55805 0.36481 0.35715 0.35469 0.36819 0.38286 0.39185 0.38722 0.38405 0.38553 0.38842 0.38289 0.37975 0.37836 0.36651 0.36322 0.35841 0.35936 0.36656 0.37254 0.37529 0.37376 0.41162 0.70224 0.97053 0.98676 0.98893 0.97294 0.86389 0.69490 0.59028 0.53949 0.54716 0.44939 0.40510
0.36208 0.37908 0.38473 0.38533 0.38334 0.39459 0.39838 0.38250 0.38138 0.38545 0.39023 0.37965 0.40201 0.51652 0.90216 0.93765 0.73442 0.50760 0.31356 0.14912 0.13357 0.16512 0.22055 0.25491 0.26653 0.61424 0.93513 0.96675 0.83733 0.62836 0.39109 0.36382 0.37114 0.38201 0.39556 0.39628 0.37598 0.37594 0.36244 0.35864 0.36356 0.35362 0.35052 0.36938 0.37100 0.37707 0.39379 0.38382 0.37145 0.37649 0.38041 0.42913 0.71126 0.96915 0.98681 0.98503 0.97845 0.88417 0.73045 0.60354 0.52816 0.51218 0.42263 0.40072
0.35682 0.36351 0.37264 0.35325 0.36006 0.38474 0.38307 0.36976 0.36430 0.36220 0.36613 0.37473 0.39925 0.52714 0.91081 0.94553 0.76367 0.52673 0.32483 0.15063 0.12972 0.16117 0.22802 0.26261 0.27118 0.62493 0.93842 0.96611 0.84210 0.70080 0.45769 0.37160 0.37498 0.37779 0.40068 0.39845 0.38334 0.38168 0.37495 0.36636 0.37236 0.38450 0.38313 0.39011 0.38977 0.38760 0.38207 0.36966 0.37397 0.37154 0.37925 0.41997 0.72853 0.97201 0.98543 0.98730 0.98611 0.90644 0.74225 0.60736 0.53005 0.49024 0.41741 0.38877
0.37247 0.38057 0.37917 0.36602 0.36907 0.38730 0.39692 0.38163 0.37758 0.37948 0.37729 0.37589 0.41012 0.57756 0.91486 0.95977 0.80352 0.60461 0.32401 0.15426 0.12895 0.15806 0.23167 0.27169 0.28582 0.62632 0.94158 0.96131 0.84323 0.74891 0.49522 0.38680 0.39127 0.39948 0.41807 0.43599 0.40887 0.39681 0.37702 0.36385 0.36151 0.36815 0.37165 0.36557 0.36373 0.36509 0.37734 0.37516 0.39060 0.38881 0.39450 0.43688 0.73647 0.97210 0.98401 0.98244 0.98816 0.93043 0.75168 0.61412 0.53758 0.51821 0.45723 0.42606
0.37455 0.39217 0.39661 0.38667 0.37878 0.38089 0.39932 0.39746 0.38631 0.37111 0.36770 0.35762 0.39913 0.62006 0.92647 0.96567 0.82718 0.70625 0.37325 0.15780 0.13549 0.17847 0.26063 0.30041 0.31537 0.63451 0.94267 0.96316 0.84678 0.76400 0.50642 0.38380 0.38982 0.39600 0.44495 0.45237 0.39136 0.37901 0.36777 0.36018 0.35858 0.37329 0.39065 0.39446 0.39312 0.38749 0.39063 0.37716 0.37599 0.37815 0.37909 0.42537 0.73985 0.97463 0.98323 0.98090 0.98141 0.93135 0.75672 0.62141 0.54592 0.53074 0.50931 0.50447
0.36956 0.37566 0.38303 0.38093 0.37624 0.36771 0.38337 0.37740 0.34838 0.35702 0.35997 0.35941 0.39142 0.61867 0.93210 0.96198 0.83354 0.76563 0.43676 0.18771 0.16096 0.23243 0.30664 0.32558 0.35108 0.66051 0.94221 0.96388 0.84708 0.76365 0.50718 0.39039 0.40131 0.41346 0.46273 0.44258 0.39248 0.37181 0.37679 0.38399 0.38264 0.38945 0.38040 0.39257 0.38293 0.36660 0.36641 0.35907 0.36756 0.37304 0.37652 0.43007 0.74528 0.97355 0.98628 0.98058 0.96970 0.90296 0.75303 0.62126 0.54369 0.55001 0.54816 0.54698
0.37906 0.37857 0.37085 0.37993 0.37934 0.38173 0.38506 0.37478 0.36207 0.37915 0.37986 0.37271 0.40253 0.59390 0.92999 0.96162 0.83317 0.79105 0.47789 0.22621 0.21101 0.28902 0.33409 0.33944 0.36666 0.69418 0.94461 0.96635 0.83522 0.74847 0.51439 0.40051 0.39891 0.40571 0.43031 0.42642 0.38729 0.37242 0.37569 0.38522 0.38878 0.38182 0.36621 0.37389 0.36435 0.36914 0.38221 0.38628 0.37466 0.37965 0.37965 0.44147 0.74469 0.97210 0.98298 0.98342 0.96741 0.87675 0.74373 0.62148 0.55187 0.55716 0.55910 0.56082
0.36783 0.37190 0.36300 0.36727 0.36546 0.38504 0.39817 0.37349 0.37703 0.37799 0.37872 0.36371 0.39120 0.59804 0.92638 0.96318 0.83959 0.80478 0.49320 0.25174 0.24043 0.31495 0.35255 0.33936 0.37523 0.71722 0.94934 0.96572 0.81488 0.71730 0.52248 0.40432 0.41470 0.41726 0.43758 0.41317 0.36289 0.35558 0.36548 0.38362 0.38396 0.38618 0.37664 0.37437 0.37381 0.38351 0.37261 0.36690 0.36640 0.36011 0.35362 0.42266 0.73891 0.97148 0.98974 0.98835 0.96798 0.85874 0.74077 0.62001 0.55095 0.57049 0.55781 0.55087
0.37985 0.36324 0.37787 0.37304 0.36525 0.38335 0.40676 0.37395 0.35975 0.36260 0.36718 0.37915 0.41867 0.64114 0.93298 0.96050 0.84205 0.80712 0.48776 0.25021 0.25299 0.33535 0.36605 0.33986 0.37562 0.72998 0.95539 0.96512 0.81736 0.72820 0.50605 0.40273 0.41777 0.43614 0.44123 0.42403 0.39342 0.37862 0.37803 0.38776 0.38603 0.38835 0.37220 0.35479 0.34627 0.34974 0.35142 0.36410 0.37575 0.36880 0.36437 0.41909 0.74458 0.97621 0.98554 0.98690 0.97892 0.84227 0.73498 0.61574 0.56199 0.56462 0.55903 0.54543
0.37785 0.38421 0.40251 0.39906 0.38414 0.38129 0.40016 0.38441 0.37558 0.36725 0.37978 0.39457 0.44150 0.68823 0.94231 0.96068 0.85039 0.81000 0.49333 0.25934 0.28220 0.35054 0.35402 0.34720 0.38736 0.73335 0.96058 0.96667 0.82914 0.76122 0.50289 0.39301 0.42882 0.45610 0.45674 0.41520 0.38015 0.37816 0.36874 0.35387 0.35996 0.37469 0.37408 0.36842 0.36500 0.36357 0.37727 0.38418 0.38902 0.38669 0.38761 0.43659 0.74520 0.97368 0.98959 0.99379 0.97815 0.83020 0.73600 0.61397 0.56454 0.56332 0.55254 0.54091
0.37565 0.37151 0.38588 0.38196 0.37029 0.36259 0.37998 0.37121 0.35400 0.36779 0.37014 0.40869 0.45181 0.69971 0.94705 0.96000 0.84343 0.80873 0.48458 0.26582 0.32321 0.35944 0.36271 0.34838 0.39785 0.73496 0.96417 0.96331 0.84178 0.77941 0.50248 0.38889 0.43190 0.47330 0.48877 0.43244 0.37608 0.37443 0.37762 0.37697 0.37590 0.37878 0.36783 0.38737 0.37194 0.36413 0.36395 0.36330 0.36250 0.35045 0.35340 0.42326 0.75119 0.96691 0.98089 0.98656 0.96573 0.82117 0.72625 0.60736 0.56304 0.56290 0.55997 0.55312
0.37444 0.37580 0.38688 0.38532 0.38105 0.38688 0.39474 0.37817 0.38489 0.39338 0.38777 0.43212 0.45938 0.69284 0.94792 0.96496 0.84792 0.81474 0.48412 0.28598 0.34709 0.36699 0.36614 0.36935 0.42242 0.74179 0.96226 0.96438 0.84462 0.78386 0.49974 0.40219 0.44725 0.49408 0.51901 0.46200 0.38858 0.38296 0.38098 0.37530 0.37437 0.37084 0.37442 0.38365 0.36066 0.35270 0.35364 0.34731 0.35361 0.36547 0.37896 0.44299 0.75935 0.96351 0.97977 0.99200 0.96813 0.82248 0.73291 0.60989 0.56714 0.56323 0.55284 0.54580
0.37127 0.37812 0.37592 0.38068 0.37189 0.37824 0.39112 0.37261 0.36479 0.37362 0.37782 0.41086 0.45040 0.71105 0.94940 0.96365 0.84935 0.81419 0.48049 0.30276 0.35492 0.37907 0.37543 0.37634 0.43559 0.75859 0.96617 0.96120 0.84519 0.78213 0.50815 0.41203 0.47512 0.52622 0.55415 0.48693 0.38185 0.36297 0.35855 0.37060 0.36057 0.36141 0.36136 0.36104 0.36063 0.37331 0.36608 0.35596 0.34866 0.36972 0.40142 0.46509 0.77236 0.96543 0.98189 0.98959 0.96435 0.81505 0.71880 0.60658 0.55680 0.56731 0.55874 0.55795
0.36844 0.38290 0.37855 0.37069 0.37318 0.38019 0.38845 0.37156 0.36632 0.36027 0.36566 0.39995 0.44452 0.74689 0.95952 0.96629 0.85381 0.81735 0.47815 0.32226 0.37075 0.38355 0.38384 0.39487 0.45104 0.76810 0.96808 0.96762 0.84128 0.78748 0.50927 0.42779 0.51174 0.55658 0.56803 0.50941 0.39344 0.38087 0.36860 0.37631 0.37829 0.37570 0.35958 0.35706 0.36200 0.36060 0.35196 0.34893 0.35067 0.35800 0.39370 0.45748 0.78102 0.96964 0.98597 0.98822 0.97027 0.82365 0.72880 0.60470 0.56019 0.56025 0.55008 0.54340
0.39086 0.38848 0.39987 0.38067 0.36989 0.38539 0.40973 0.38012 0.37404 0.36419 0.37242 0.40883 0.45770 0.76779 0.96605 0.96204 0.84923 0.81160 0.47873 0.33861 0.38494 0.40956 0.38578 0.40248 0.45889 0.78021 0.96914 0.96914 0.84427 0.78720 0.49524 0.46933 0.53281 0.56514 0.58278 0.53414 0.39435 0.38038 0.37255 0.37154 0.36491 0.36025 0.36219 0.36233 0.35962 0.37227 0.38235 0.37457 0.37562 0.37112 0.41081 0.46824 0.79437 0.97335 0.98294 0.98921 0.97016 0.81939 0.72728 0.61400 0.56604 0.56920 0.55768 0.55004
0.38275 0.37031 0.39028 0.36696 0.37104 0.37907 0.39577 0.37571 0.35751 0.35787 0.36631 0.40994 0.45956 0.77339 0.95865 0.95895 0.84663 0.80655 0.48260 0.35226 0.38733 0.40696 0.39315 0.41751 0.46847 0.78508 0.97243 0.96284 0.85258 0.77596 0.50139 0.51605 0.55336 0.57225 0.58060 0.52684 0.39234 0.38044 0.37938 0.37313 0.37203 0.39111 0.38794 0.39077 0.37746 0.37890 0.39554 0.38775 0.38925 0.37201 0.39142 0.46535 0.80038 0.96405 0.98443 0.99701 0.96902 0.82243 0.73428 0.62253 0.57420 0.57076 0.55624 0.55684
0.37783 0.38449 0.38647 0.37501 0.37057 0.38023 0.39530 0.36269 0.36018 0.37029 0.39310 0.42707 0.47127 0.77791 0.95827 0.95073 0.84483 0.80117 0.49211 0.36019 0.39421 0.41945 0.41630 0.42861 0.47420 0.79290 0.96976 0.96179 0.83944 0.76875 0.53564 0.54216 0.56474 0.56953 0.57373 0.51465 0.38538 0.37347 0.37237 0.37235 0.36908 0.36441 0.36721 0.37050 0.35885 0.36511 0.36569 0.36304 0.36929 0.37702 0.40105 0.47097 0.81226 0.96488 0.98833 0.99146 0.97318 0.81987 0.73108 0.61367 0.55408 0.56872 0.54928 0.55247
0.37896 0.37730 0.39046 0.38821 0.38523 0.40719 0.41316 0.36720 0.36586 0.37831 0.37687 0.42372 0.47386 0.78265 0.96310 0.95539 0.84697 0.80944 0.49722 0.36725 0.39536 0.42837 0.44946 0.46142 0.48712 0.80521 0.96150 0.95414 0.84052 0.78007 0.52569 0.53829 0.55853 0.56998 0.57984 0.52417 0.36915 0.36329 0.36830 0.35901 0.37204 0.35788 0.35607 0.36532 0.36905 0.37036 0.36441 0.36909 0.37557 0.37781 0.41214 0.48647 0.82835 0.97217 0.98773 0.98747 0.97453 0.81482 0.72823 0.60418 0.55896 0.56665 0.55604 0.55807
0.35247 0.37076 0.38150 0.36918 0.36831 0.40637 0.39967 0.35817 0.35822 0.36021 0.36780 0.41729 0.47855 0.78678 0.96029 0.95695 0.85041 0.81615 0.49568 0.36329 0.39313 0.40680 0.43659 0.45698 0.49068 0.82125 0.96267 0.94571 0.84671 0.78679 0.48104 0.52385 0.56791 0.57220 0.58209 0.52223 0.36016 0.36253 0.37665 0.36983 0.38440 0.37520 0.36492 0.36659 0.37084 0.38636 0.38209 0.36454 0.35465 0.36440 0.40560 0.48849 0.83837 0.97351 0.99078 0.98931 0.97257 0.81577 0.72896 0.60776 0.55868 0.56066 0.55440 0.55062
0.38699 0.39574 0.39928 0.37938 0.37251 0.39577 0.40420 0.37690 0.36907 0.37239 0.38003 0.42596 0.48870 0.80123 0.95912 0.95474 0.84943 0.81803 0.49282 0.35855 0.38947 0.40323 0.45092 0.46245 0.49233 0.83412 0.96493 0.95380 0.85314 0.78234 0.46691 0.52067 0.55308 0.56669 0.59337 0.53883 0.39568 0.38273 0.37362 0.37524 0.37866 0.37955 0.37284 0.36223 0.36403 0.37332 0.37334 0.35961 0.36719 0.37682 0.42288 0.48866 0.84676 0.97824 0.98236 0.98309 0.96258 0.82042 0.73258 0.61004 0.56551 0.55654 0.55809 0.56085
0.37700 0.38673 0.39324 0.38276 0.37771 0.38367 0.39147 0.37463 0.35545 0.34883 0.36774 0.40594 0.47792 0.79814 0.96611 0.95815 0.85172 0.81002 0.49594 0.36040 0.40016 0.42052 0.45113 0.44829 0.50191 0.84997 0.96541 0.95942 0.86668 0.78764 0.49346 0.52277 0.56171 0.59512 0.67722 0.58255 0.44011 0.36993 0.36233 0.35696 0.36698 0.37693 0.35904 0.37119 0.37938 0.38152 0.38640 0.37765 0.38089 0.38258 0.42055 0.50107 0.84854 0.97111 0.98375 0.99006 0.96203 0.81700 0.72836 0.60577 0.56376 0.55916 0.56002 0.55454
0.37051 0.37659 0.38010 0.36964 0.35077 0.36885 0.37862 0.35871 0.35077 0.36336 0.36609 0.41960 0.48483 0.79833 0.96188 0.95856 0.85517 0.80060 0.49597 0.38077 0.43797 0.46703 0.50160 0.48514 0.52844 0.86945 0.96242 0.96366 0.90385 0.83712 0.64407 0.75664 0.79043 0.83733 0.82171 0.69555 0.45597 0.37222 0.37854 0.37853 0.37574 0.38750 0.37098 0.37310 0.36887 0.36693 0.37503 0.37789 0.37430 0.36633 0.39786 0.49293 0.84727 0.95975 0.98872 0.98991 0.96371 0.81558 0.72754 0.60286 0.57067 0.56448 0.56397 0.56484
0.36141 0.38105 0.37448 0.37842 0.38380 0.40794 0.38420 0.37459 0.37017 0.37016 0.37618 0.42222 0.49555 0.81816 0.96304 0.95291 0.85309 0.78404 0.50425 0.44501 0.49464 0.47587 0.48647 0.55189 0.66568 0.90841 0.96583 0.95824 0.93906 0.91351 0.88591 0.91987 0.93452 0.93997 0.86146 0.74272 0.42537 0.36617 0.37271 0.37345 0.35855 0.34592 0.34816 0.35703 0.35542 0.36360 0.37640 0.37602 0.36517 0.37356 0.39775 0.50062 0.86043 0.97877 0.99264 0.99043 0.96692 0.80440 0.72135 0.61093 0.56604 0.56050 0.55553 0.55885
0.35643 0.35936 0.36735 0.36040 0.37734 0.40103 0.37783 0.36213 0.34848 0.35242 0.36253 0.41566 0.49573 0.83010 0.96140 0.94587 0.87355 0.82156 0.51562 0.56346 0.65487 0.69833 0.73765 0.81423 0.88839 0.92905 0.95766 0.95110 0.93972 0.93863 0.93909 0.93500 0.92512 0.90828 0.85609 0.73871 0.40567 0.35738 0.35737 0.35650 0.36334 0.36902 0.36722 0.35997 0.36980 0.37792 0.37971 0.37733 0.36877 0.36698 0.38938 0.50030 0.84831 0.97567 0.98644 0.99132 0.96086 0.80186 0.72014 0.60566 0.56206 0.55941 0.55702 0.55443
0.37853 0.38104 0.37674 0.36014 0.36999 0.39141 0.37967 0.36437 0.36839 0.36906 0.36820 0.41911 0.50994 0.84335 0.96541 0.94951 0.93430 0.89492 0.83999 0.84972 0.89591 0.91776 0.91084 0.90693 0.89818 0.88710 0.89298 0.89162 0.86913 0.86699 0.87010 0.86363 0.85115 0.84099 0.79759 0.68571 0.42341 0.36575 0.34952 0.35818 0.38050 0.37299 0.37358 0.35334 0.35511 0.36582 0.35982 0.34932 0.35397 0.36777 0.40112 0.49534 0.85645 0.97325 0.98964 0.99016 0.94494 0.79057 0.70042 0.60299 0.55539 0.56370 0.55585 0.56444
0.35559 0.37132 0.37274 0.36003 0.37615 0.40498 0.39431 0.37828 0.36076 0.36261 0.36810 0.41274 0.51679 0.84199 0.95386 0.96240 0.96145 0.95333 0.93686 0.92267 0.91483 0.90716 0.86846 0.82850 0.81930 0.81588 0.82344 0.82215 0.80295 0.80804 0.81202 0.80359 0.78273 0.75390 0.73645 0.59811 0.41701 0.37176 0.36300 0.36437 0.35668 0.34355 0.34106 0.34983 0.35052 0.37394 0.36706 0.36798 0.36825 0.37085 0.40979 0.51845 0.86592 0.97116 0.99409 0.98604 0.93985 0.79173 0.70401 0.59755 0.55350 0.56645 0.55049 0.56326
0.35823 0.36298 0.36032 0.36292 0.34878 0.37825 0.37502 0.36334 0.36959 0.37464 0.39475 0.46860 0.56588 0.84261 0.94654 0.94670 0.96293 0.94950 0.91960 0.87584 0.85299 0.85255 0.79939 0.77480 0.77448 0.77974 0.78721 0.79188 0.75721 0.75651 0.72337 0.65852 0.57383 0.52892 0.50564 0.48724 0.37994 0.35192 0.34587 0.36823 0.36448 0.36925 0.37102 0.37597 0.36331 0.37469 0.37448 0.35983 0.34803 0.36459 0.40647 0.53119 0.89802 0.97767 0.98552 0.97638 0.93706 0.78862 0.70073 0.59769 0.55585 0.56920 0.55577 0.56497
