0.45588 0.36651 0.33434 0.34371 0.35400 0.35266 0.34289 0.36309 0.37033 0.36064 0.34429 0.36483 0.36522 0.39081 0.38957 0.37696 0.37386 0.38993 0.39625 0.37712 0.34633 0.33956 0.27965 0.15783 0.16285 0.14405 0.13370 0.12981 0.12453 0.14276 0.14097 0.12318 0.12181 0.10686 0.11364 0.13711 0.15661 0.12940 0.12978 0.12718 0.10462 0.10533 0.11797 0.13145 0.13078 0.11814 0.08713 0.09629 0.10914 0.11453 0.10628 0.10827 0.12614 0.10091 0.10965 0.10640 0.09134 0.05883 0.11070 0.09091 0.09284 0.06545 0.06743 0.06267
0.47687 0.38952 0.34510 0.36677 0.38279 0.34739 0.36916 0.39913 0.38643 0.38627 0.38420 0.39350 0.38555 0.38332 0.40340 0.38842 0.37128 0.37467 0.38275 0.38066 0.36005 0.36306 0.35880 0.28359 0.17855 0.14987 0.14306 0.13543 0.12099 0.11938 0.11215 0.13335 0.10777 0.11312 0.11711 0.13130 0.12551 0.13126 0.13492 0.11291 0.12530 0.13415 0.13194 0.14039 0.12990 0.10127 0.10558 0.08204 0.10505 0.10723 0.08753 0.09738 0.11279 0.10135 0.12042 0.10211 0.09280 0.08069 0.11206 0.07008 0.09419 0.06735 0.05208 0.06791
0.36720 0.37126 0.35215 0.34040 0.34978 0.34850 0.38426 0.37523 0.36887 0.37297 0.38527 0.37663 0.38538 0.38848 0.38471 0.36630 0.38023 0.37532 0.39939 0.38031 0.37737 0.38297 0.39041 0.33501 0.30881 0.23031 0.19088 0.13355 0.12425 0.13487 0.14174 0.14442 0.13046 0.12274 0.13669 0.11402 0.12446 0.14230 0.13367 0.14788 0.12312 0.13223 0.13064 0.14632 0.14078 0.12821 0.09599 0.11021 0.12222 0.10392 0.06668 0.08351 0.11066 0.09911 0.09050 0.09471 0.08644 0.10451 0.06333 0.07480 0.08300 0.06724 0.06223 0.07448
0.36259 0.34337 0.35936 0.37098 0.37022 0.34359 0.37996 0.37561 0.37345 0.37493 0.37414 0.35558 0.36654 0.38100 0.37119 0.35486 0.35791 0.40117 0.36741 0.35333 0.37295 0.38147 0.37746 0.38274 0.38980 0.33517 0.24701 0.17802 0.14586 0.13348 0.14571 0.15078 0.14716 0.14115 0.14253 0.12082 0.14118 0.11836 0.12709 0.12610 0.14635 0.13121 0.12722 0.12080 0.13655 0.12730 0.12855 0.13282 0.13599 0.12100 0.06743 0.07874 0.09052 0.08866 0.10418 0.12042 0.09099 0.08263 0.07067 0.05956 0.06359 0.07198 0.07876 0.07027
0.36964 0.35539 0.36444 0.39448 0.39417 0.36518 0.37708 0.37602 0.37983 0.36960 0.37667 0.36927 0.36050 0.36787 0.37069 0.35586 0.36991 0.38522 0.37931 0.39951 0.39906 0.40129 0.39718 0.38691 0.35732 0.35875 0.34422 0.30539 0.26240 0.24069 0.20025 0.14740 0.14348 0.13905 0.12158 0.12759 0.10321 0.12462 0.13244 0.13126 0.13374 0.15057 0.13245 0.13296 0.16140 0.11859 0.12935 0.12104 0.13494 0.12898 0.10939 0.10277 0.07758 0.08673 0.09391 0.10194 0.07967 0.06646 0.05965 0.06426 0.06480 0.06182 0.06286 0.07511
0.36775 0.33684 0.35602 0.36527 0.37652 0.36563 0.37129 0.37411 0.34574 0.34718 0.35376 0.35482 0.37833 0.37654 0.37402 0.37944 0.38189 0.38197 0.35118 0.36712 0.37471 0.37376 0.37834 0.36505 0.37903 0.38614 0.38032 0.39958 0.39587 0.37851 0.31326 0.24997 0.18249 0.15934 0.14806 0.12192 0.13320 0.14131 0.11165 0.11752 0.13550 0.13819 0.13649 0.15114 0.12327 0.12597 0.13223 0.13509 0.11811 0.11183 0.11346 0.13434 0.10778 0.11368 0.09369 0.12610 0.10218 0.09109 0.07389 0.08681 0.06494 0.07584 0.07313 0.07515
0.40188 0.37164 0.35092 0.38086 0.38916 0.36458 0.37642 0.38350 0.37170 0.38025 0.36477 0.37579 0.38516 0.38168 0.37919 0.38824 0.36700 0.36529 0.37991 0.38561 0.38417 0.37867 0.36581 0.35938 0.40931 0.38007 0.36741 0.35972 0.36444 0.37913 0.35313 0.34905 0.31357 0.20961 0.15565 0.14152 0.15192 0.13530 0.13894 0.11861 0.13481 0.12143 0.13973 0.12458 0.14690 0.14007 0.13415 0.12210 0.12034 0.13304 0.10598 0.11541 0.10299 0.10791 0.11712 0.14408 0.12289 0.10284 0.10930 0.09614 0.07035 0.09199 0.07534 0.07666
0.38354 0.37387 0.34850 0.37096 0.36710 0.36688 0.36998 0.40165 0.38076 0.37838 0.36104 0.35516 0.37785 0.36609 0.36693 0.36895 0.35462 0.38017 0.39057 0.38009 0.36347 0.36232 0.35698 0.36220 0.37587 0.38539 0.38544 0.38380 0.39439 0.40704 0.39856 0.38330 0.38097 0.33125 0.20637 0.16799 0.14593 0.15320 0.15171 0.13216 0.12390 0.13233 0.13318 0.12381 0.11865 0.11590 0.13764 0.12608 0.13392 0.12159 0.11357 0.12968 0.05697 0.10880 0.10958 0.10121 0.10611 0.10144 0.11005 0.11344 0.10331 0.12623 0.10155 0.07491
0.37957 0.37986 0.37266 0.37394 0.35945 0.34127 0.35845 0.40706 0.36725 0.36897 0.36964 0.39972 0.37689 0.38108 0.38048 0.38704 0.38334 0.36828 0.38267 0.37312 0.37726 0.37442 0.36969 0.37108 0.37039 0.37996 0.37773 0.36345 0.36966 0.37929 0.38638 0.37002 0.40786 0.38901 0.33256 0.26803 0.20570 0.17921 0.14446 0.13272 0.12549 0.13890 0.12972 0.12382 0.12354 0.13641 0.11857 0.12163 0.13338 0.13588 0.12347 0.12566 0.10928 0.11238 0.11475 0.10318 0.15293 0.12783 0.11429 0.10456 0.11211 0.12036 0.11044 0.09258
0.35910 0.35687 0.37620 0.38301 0.38197 0.36320 0.38372 0.40332 0.39249 0.38549 0.37628 0.37172 0.38315 0.36820 0.33193 0.35530 0.36673 0.37323 0.39115 0.38794 0.37626 0.36899 0.37915 0.36293 0.37362 0.38664 0.37556 0.37514 0.38194 0.36780 0.37765 0.38781 0.41107 0.39368 0.38895 0.32619 0.30566 0.23477 0.17436 0.15410 0.13230 0.13811 0.15768 0.12757 0.13289 0.12925 0.13682 0.13898 0.13053 0.13005 0.12444 0.13162 0.12235 0.10453 0.11998 0.14348 0.12640 0.10265 0.09214 0.08908 0.10332 0.11714 0.10712 0.08894
0.37692 0.34469 0.35774 0.37746 0.36302 0.36181 0.39038 0.38493 0.38085 0.37631 0.35711 0.35848 0.38191 0.39167 0.39315 0.38532 0.40129 0.39850 0.41044 0.37406 0.38077 0.37261 0.36642 0.37603 0.39018 0.39871 0.38640 0.38657 0.39096 0.40289 0.37708 0.36826 0.38505 0.38024 0.37671 0.37117 0.39134 0.38758 0.36823 0.29637 0.18214 0.16413 0.14658 0.12820 0.14143 0.12461 0.12530 0.12260 0.15045 0.14265 0.13490 0.13474 0.11583 0.11174 0.11873 0.12161 0.12931 0.11817 0.10368 0.10326 0.09475 0.11748 0.10744 0.11400
0.41739 0.37895 0.36658 0.36772 0.39389 0.37289 0.37924 0.40003 0.39705 0.37080 0.37394 0.39110 0.39165 0.38826 0.40091 0.38856 0.37934 0.39027 0.36801 0.37607 0.35598 0.37088 0.38020 0.37114 0.38714 0.38036 0.38423 0.36080 0.38321 0.37295 0.36754 0.36833 0.36339 0.38641 0.40364 0.40800 0.40565 0.38247 0.37457 0.36189 0.32908 0.27285 0.19831 0.16498 0.14387 0.15089 0.16400 0.12838 0.13819 0.13536 0.12357 0.11582 0.12604 0.10532 0.09162 0.12455 0.11897 0.11457 0.13118 0.11929 0.12562 0.10879 0.10096 0.10590
0.41526 0.38985 0.36416 0.36314 0.37833 0.36927 0.37905 0.38912 0.36556 0.37603 0.39786 0.38901 0.38054 0.37694 0.39273 0.38405 0.39265 0.38506 0.37441 0.38259 0.36701 0.36245 0.35755 0.35404 0.34841 0.37764 0.37184 0.35450 0.38174 0.37629 0.39773 0.39432 0.37695 0.37972 0.37685 0.39123 0.37689 0.37796 0.37157 0.36798 0.39089 0.37042 0.32373 0.27124 0.17375 0.14760 0.14276 0.12350 0.13180 0.13113 0.11978 0.12789 0.11551 0.12536 0.12685 0.14098 0.11459 0.10787 0.13735 0.14399 0.11171 0.13020 0.11788 0.12823
0.37926 0.37860 0.37170 0.36337 0.36507 0.37239 0.37319 0.36656 0.36484 0.35243 0.38063 0.38599 0.36131 0.35713 0.36528 0.37706 0.38620 0.39310 0.37126 0.38647 0.37663 0.36666 0.37814 0.36578 0.37429 0.37250 0.38026 0.37004 0.38802 0.37604 0.38000 0.39106 0.36035 0.34072 0.36633 0.37000 0.37454 0.38253 0.39555 0.41501 0.39099 0.37561 0.36828 0.37552 0.33021 0.25416 0.18215 0.15258 0.13447 0.13309 0.12661 0.09770 0.12543 0.13260 0.14193 0.11405 0.10038 0.11212 0.11748 0.12051 0.11683 0.12781 0.12845 0.12359
0.37405 0.38252 0.37655 0.38167 0.39452 0.39234 0.39525 0.41016 0.39414 0.37325 0.37188 0.38210 0.38167 0.36049 0.34926 0.34485 0.37228 0.36481 0.36247 0.36586 0.41182 0.39753 0.37459 0.38052 0.37094 0.37075 0.37038 0.38631 0.38127 0.37637 0.36298 0.36881 0.39159 0.38589 0.37670 0.38228 0.38953 0.39822 0.38157 0.39865 0.39583 0.39198 0.40120 0.38877 0.40176 0.35616 0.27300 0.18388 0.15443 0.12344 0.11597 0.11814 0.11640 0.13083 0.12517 0.14034 0.10638 0.11792 0.12678 0.12629 0.11953 0.11351 0.13957 0.13717
0.33742 0.36835 0.35273 0.37558 0.38589 0.37743 0.38964 0.40653 0.36891 0.37152 0.36198 0.36030 0.36965 0.37168 0.37473 0.36743 0.38625 0.36077 0.36584 0.36309 0.40093 0.37960 0.39506 0.36832 0.37181 0.36465 0.36020 0.36568 0.38439 0.37678 0.37883 0.38127 0.39462 0.38039 0.37340 0.35345 0.38168 0.38901 0.40853 0.38520 0.38511 0.39912 0.40217 0.38293 0.36106 0.34857 0.32930 0.32273 0.26019 0.17785 0.15055 0.14107 0.11820 0.12033 0.12355 0.15673 0.11126 0.10908 0.12573 0.12215 0.11483 0.11578 0.12746 0.15185
0.39844 0.38421 0.37047 0.38752 0.37155 0.38090 0.35798 0.34823 0.36446 0.38300 0.36531 0.37014 0.36048 0.38274 0.36760 0.35526 0.35490 0.38799 0.37932 0.37745 0.34532 0.36916 0.35445 0.37173 0.37641 0.36448 0.36891 0.37060 0.35091 0.36301 0.35311 0.36304 0.36384 0.36663 0.38326 0.39192 0.39931 0.39879 0.39324 0.39730 0.37740 0.37842 0.36831 0.37919 0.37723 0.38191 0.37286 0.39882 0.38141 0.29090 0.26224 0.21685 0.15258 0.15053 0.15664 0.15179 0.12469 0.14435 0.14926 0.12859 0.14958 0.16356 0.16390 0.19896
0.39298 0.36691 0.37682 0.37298 0.38225 0.38148 0.40129 0.40213 0.39391 0.36434 0.38553 0.36232 0.35276 0.35819 0.39637 0.37318 0.39666 0.40865 0.39316 0.39725 0.37738 0.38661 0.37809 0.35971 0.36634 0.36792 0.37059 0.37281 0.37288 0.36876 0.36425 0.38458 0.36915 0.36987 0.37631 0.33654 0.35129 0.36366 0.36792 0.36440 0.38407 0.37211 0.37610 0.40689 0.36584 0.36576 0.36402 0.36306 0.33689 0.37061 0.36490 0.30151 0.24306 0.18683 0.15785 0.14084 0.16181 0.18021 0.15736 0.15467 0.11995 0.29247 0.33375 0.41956
0.35770 0.36279 0.35563 0.35895 0.33928 0.35154 0.36201 0.34992 0.36181 0.38145 0.37158 0.37266 0.37078 0.37930 0.39493 0.37923 0.40018 0.37501 0.36070 0.36591 0.37704 0.37606 0.38477 0.38869 0.39892 0.38438 0.39623 0.37979 0.37469 0.37962 0.34871 0.35632 0.35613 0.36438 0.38173 0.38133 0.39624 0.39115 0.38943 0.37250 0.36334 0.38009 0.38843 0.36294 0.34429 0.34263 0.35235 0.35723 0.36842 0.40402 0.42287 0.38551 0.33646 0.24370 0.20036 0.26266 0.17287 0.23635 0.29779 0.36246 0.40774 0.40811 0.48700 0.44478
0.38814 0.36218 0.38632 0.38967 0.38967 0.37203 0.37878 0.40152 0.37634 0.36841 0.36521 0.38539 0.38578 0.36134 0.36492 0.36391 0.35508 0.37249 0.39962 0.40730 0.39753 0.36016 0.35751 0.37553 0.38526 0.37252 0.36630 0.36858 0.36984 0.35506 0.35839 0.37314 0.38582 0.37161 0.38824 0.38078 0.37951 0.37003 0.35623 0.34620 0.33923 0.37278 0.37887 0.38180 0.35749 0.36364 0.36135 0.35558 0.38024 0.36005 0.35253 0.32671 0.29680 0.29904 0.28140 0.38274 0.43990 0.41141 0.40824 0.46338 0.44502 0.48669 0.52617 0.53394
0.36030 0.38162 0.38042 0.37988 0.36220 0.38386 0.39277 0.40030 0.39773 0.38463 0.37120 0.39659 0.38364 0.36793 0.39496 0.39301 0.38588 0.38728 0.38939 0.36677 0.35706 0.36287 0.38709 0.39785 0.39496 0.37216 0.37046 0.36729 0.37864 0.37625 0.37797 0.37087 0.37872 0.37209 0.36134 0.36746 0.37680 0.36782 0.36335 0.37635 0.39333 0.40959 0.39080 0.39666 0.38082 0.36125 0.36839 0.36114 0.38685 0.37444 0.36275 0.27978 0.25688 0.31399 0.36774 0.51744 0.41517 0.44173 0.43160 0.49141 0.52218 0.52441 0.54033 0.57106
0.36496 0.36678 0.37248 0.36907 0.37812 0.37364 0.36314 0.38534 0.34394 0.37940 0.35712 0.37024 0.38102 0.36390 0.38321 0.38011 0.36343 0.38800 0.37833 0.35764 0.35643 0.35420 0.36698 0.38346 0.41107 0.39262 0.39069 0.38395 0.38120 0.37350 0.35020 0.37711 0.37386 0.36806 0.36939 0.38507 0.39765 0.38751 0.39256 0.40183 0.39885 0.37790 0.36894 0.36953 0.37352 0.36865 0.37809 0.36507 0.37739 0.38047 0.36873 0.24816 0.25997 0.32908 0.41280 0.50976 0.54926 0.55273 0.53831 0.53938 0.55511 0.52627 0.49688 0.43306
0.39932 0.38188 0.36864 0.38161 0.36756 0.35685 0.37079 0.37992 0.39382 0.39775 0.39667 0.37561 0.35000 0.35082 0.37835 0.33714 0.36886 0.37613 0.38652 0.38688 0.42194 0.36916 0.36545 0.38318 0.37818 0.37363 0.36298 0.35482 0.35363 0.38314 0.37322 0.36359 0.38161 0.38376 0.37578 0.37994 0.36992 0.37674 0.36877 0.36568 0.36778 0.37648 0.40204 0.39671 0.38886 0.39320 0.38930 0.36620 0.35487 0.34020 0.35326 0.30312 0.17853 0.43321 0.56259 0.58502 0.60199 0.52578 0.43773 0.42171 0.41667 0.41846 0.40574 0.39585
0.38061 0.35568 0.36358 0.36987 0.35659 0.35727 0.37338 0.38808 0.38421 0.38324 0.35914 0.35131 0.37651 0.35524 0.37397 0.39643 0.38456 0.38197 0.38680 0.39352 0.38924 0.36661 0.35819 0.37432 0.37502 0.34919 0.35074 0.37258 0.36334 0.37506 0.36044 0.36264 0.35473 0.36888 0.35103 0.36874 0.36572 0.37141 0.37581 0.38314 0.40539 0.40314 0.39321 0.38330 0.37477 0.35482 0.35096 0.33946 0.36690 0.35205 0.35740 0.32214 0.24498 0.52878 0.65738 0.50907 0.50723 0.47306 0.36672 0.37906 0.38417 0.36976 0.36289 0.35322
0.34584 0.34759 0.35873 0.37313 0.36086 0.34394 0.35987 0.39792 0.38171 0.39600 0.39711 0.40069 0.39679 0.35673 0.36035 0.36415 0.35969 0.34491 0.34563 0.36688 0.37681 0.38234 0.37127 0.36574 0.36832 0.37481 0.38406 0.37818 0.37784 0.35942 0.35958 0.37568 0.37893 0.36132 0.34458 0.35929 0.39342 0.38660 0.39057 0.39207 0.38256 0.36490 0.36664 0.37359 0.37766 0.36922 0.37588 0.37079 0.38440 0.39630 0.38658 0.35735 0.34183 0.55510 0.68211 0.64819 0.52797 0.48636 0.25332 0.26911 0.26206 0.28247 0.31533 0.33352
0.36489 0.35643 0.37304 0.37690 0.37997 0.40355 0.40890 0.40089 0.38491 0.38104 0.37011 0.38562 0.37645 0.36165 0.35498 0.38147 0.39265 0.39945 0.38649 0.37843 0.39701 0.38062 0.38130 0.34834 0.37587 0.35981 0.36788 0.37010 0.36450 0.38619 0.40024 0.35496 0.36818 0.38321 0.36586 0.39708 0.37615 0.38908 0.37886 0.38018 0.38645 0.38172 0.38324 0.37989 0.38451 0.37595 0.33902 0.31156 0.35023 0.35160 0.35792 0.30917 0.35861 0.69226 0.79244 0.63348 0.65871 0.55421 0.24980 0.18667 0.19384 0.25644 0.29635 0.31708
0.33993 0.35154 0.35359 0.39242 0.37826 0.39799 0.36939 0.36321 0.33545 0.36363 0.35423 0.35577 0.34975 0.37215 0.39327 0.40331 0.37619 0.38267 0.37505 0.36994 0.35173 0.35303 0.35719 0.37023 0.36605 0.36024 0.35307 0.36418 0.39675 0.41228 0.41299 0.40456 0.42526 0.46853 0.45599 0.41457 0.38843 0.38857 0.37560 0.40390 0.39054 0.36999 0.37864 0.37168 0.34360 0.36548 0.36023 0.35605 0.36200 0.37802 0.36927 0.34584 0.37644 0.81095 0.86510 0.73125 0.67987 0.53654 0.24858 0.21942 0.23581 0.27171 0.32466 0.35372
0.38588 0.37427 0.34957 0.36153 0.36500 0.38257 0.36248 0.37223 0.36925 0.37172 0.36786 0.37034 0.34001 0.41064 0.37738 0.36423 0.36864 0.36429 0.38027 0.38610 0.35400 0.35335 0.35650 0.34853 0.38621 0.35948 0.39369 0.41174 0.40668 0.40465 0.42393 0.40644 0.46322 0.46911 0.40210 0.38648 0.38466 0.36181 0.38367 0.38411 0.39031 0.36865 0.36917 0.37231 0.37378 0.36772 0.37368 0.36101 0.37163 0.38361 0.38595 0.36735 0.47610 0.88355 0.92634 0.69327 0.69059 0.50905 0.32901 0.28998 0.27487 0.30286 0.33026 0.35470
0.37009 0.34475 0.36939 0.36940 0.36821 0.37892 0.37717 0.40297 0.39260 0.38718 0.36779 0.36234 0.26164 0.27664 0.30866 0.36641 0.37635 0.37716 0.36752 0.37274 0.38564 0.39374 0.41396 0.39943 0.42233 0.47581 0.53868 0.52813 0.43510 0.40123 0.38037 0.33717 0.36326 0.37537 0.32214 0.35497 0.36408 0.36131 0.36907 0.37771 0.36946 0.35952 0.36973 0.37312 0.37960 0.36968 0.38722 0.36362 0.35653 0.35577 0.35339 0.38175 0.52245 0.80600 1.00810 0.77364 0.74033 0.52301 0.30342 0.33394 0.33111 0.32141 0.33699 0.35924
0.37774 0.36400 0.35318 0.36695 0.36596 0.36310 0.38948 0.38766 0.37304 0.38303 0.38280 0.34798 0.14611 0.11061 0.18589 0.35152 0.37503 0.37552 0.38950 0.41148 0.42322 0.42731 0.52984 0.39166 0.43561 0.48494 0.60718 0.58769 0.44784 0.34556 0.32521 0.29303 0.37053 0.35646 0.34438 0.37229 0.38416 0.36896 0.36699 0.36403 0.36981 0.35907 0.33728 0.34176 0.35427 0.36044 0.36980 0.40141 0.39616 0.38026 0.38109 0.38571 0.58535 0.96842 0.95449 0.84805 0.80006 0.54140 0.39771 0.36048 0.34417 0.33583 0.34237 0.35868
0.36014 0.37751 0.39527 0.40796 0.38579 0.38565 0.41732 0.41793 0.39832 0.38870 0.38321 0.33325 0.20481 0.15568 0.25426 0.43247 0.42125 0.40836 0.38984 0.40726 0.42863 0.42094 0.36849 0.22524 0.20364 0.24792 0.72417 0.66154 0.50060 0.32131 0.31802 0.27994 0.32130 0.33314 0.34809 0.37166 0.38878 0.35629 0.36467 0.34766 0.35285 0.36344 0.35260 0.36929 0.38449 0.38394 0.36511 0.39907 0.36749 0.38486 0.37346 0.41540 0.65344 0.89932 0.98740 0.91244 0.81404 0.58590 0.36796 0.39221 0.37905 0.36936 0.37244 0.38711
0.33223 0.32822 0.37626 0.39235 0.36651 0.38760 0.40106 0.37934 0.38431 0.35132 0.36594 0.36786 0.30158 0.08952 0.37288 0.49989 0.39828 0.32897 0.23330 0.26279 0.21006 0.18194 0.08748 0.01495 0.08791 0.22847 0.62842 0.70128 0.50334 0.34505 0.30410 0.28513 0.34653 0.36853 0.36941 0.37178 0.36988 0.35964 0.36477 0.37790 0.38831 0.38635 0.37533 0.37794 0.37642 0.38700 0.34858 0.35022 0.36804 0.36445 0.39160 0.42591 0.64801 0.88685 0.96974 0.95963 0.82900 0.61817 0.45717 0.43358 0.38353 0.37332 0.37044 0.37487
0.36404 0.39042 0.36974 0.36681 0.36754 0.36479 0.38464 0.37430 0.39085 0.41002 0.39687 0.41272 0.35923 0.37846 0.41442 0.60293 0.41683 0.33361 0.10233 0.15777 0.06050 0.06336 0.06917 0.06066 -0.00884 0.29968 0.69647 0.73308 0.48195 0.37179 0.30293 0.26399 0.34671 0.37100 0.37554 0.37897 0.37517 0.36799 0.37870 0.37401 0.35124 0.32948 0.34981 0.33195 0.35381 0.37062 0.37187 0.35759 0.35038 0.36022 0.40833 0.40919 0.65149 0.92124 0.95935 0.97170 0.90695 0.69449 0.46318 0.48781 0.38422 0.39192 0.38960 0.37733
0.36393 0.35923 0.35120 0.35950 0.35132 0.36359 0.39444 0.39048 0.35189 0.35638 0.36543 0.37072 0.37984 0.33366 0.55706 0.68998 0.49644 0.29126 0.19715 0.11457 0.02086 0.02525 0.06155 0.09380 0.14855 0.34371 0.75333 0.71662 0.56938 0.40170 0.30453 0.25860 0.32314 0.35898 0.38072 0.36694 0.36526 0.36279 0.35531 0.35599 0.36201 0.36580 0.36225 0.36484 0.36748 0.37044 0.36284 0.36027 0.33414 0.33033 0.35602 0.38348 0.62570 0.92485 0.98850 0.98892 0.93997 0.69801 0.44820 0.48128 0.36722 0.37722 0.36455 0.36630
0.37015 0.34648 0.33552 0.35481 0.34406 0.37679 0.38349 0.38531 0.35728 0.35921 0.35949 0.37701 0.37708 0.32912 0.51765 0.69510 0.47958 0.45397 0.27143 0.09468 0.01044 0.05466 0.12434 0.15948 0.18360 0.42532 0.85415 0.90436 0.67957 0.47507 0.32365 0.32979 0.33468 0.36012 0.38229 0.39491 0.38754 0.40265 0.38771 0.38475 0.39694 0.36259 0.37110 0.38198 0.36153 0.35460 0.36069 0.36531 0.36286 0.36760 0.35713 0.40344 0.62132 0.95582 0.99829 0.98884 0.92533 0.74925 0.47926 0.45017 0.36586 0.38896 0.39226 0.34650
0.39286 0.38595 0.39680 0.38558 0.37129 0.36013 0.38263 0.37748 0.36757 0.37297 0.37438 0.36742 0.36201 0.39782 0.67533 0.76934 0.51169 0.43465 0.30688 0.00207 0.04699 0.11872 0.13884 0.19400 0.20809 0.55796 0.92361 1.02969 0.72992 0.51612 0.35701 0.35881 0.34606 0.37715 0.38135 0.37911 0.38405 0.36797 0.34992 0.35845 0.36258 0.36666 0.37445 0.36447 0.37465 0.36303 0.37855 0.37434 0.35383 0.37449 0.37450 0.41417 0.65651 0.96724 0.98533 1.00199 0.93995 0.79601 0.63706 0.48325 0.48472 0.43464 0.41004 0.38217
0.34609 0.36489 0.36537 0.37926 0.37459 0.38775 0.37876 0.39438 0.36391 0.37103 0.36535 0.36890 0.40730 0.52433 0.82671 0.83564 0.55772 0.50249 0.28505 0.16116 0.09089 0.16773 0.16230 0.22133 0.22705 0.54385 0.91609 1.01457 0.76383 0.54025 0.36754 0.35693 0.33122 0.36720 0.38860 0.38602 0.38343 0.34755 0.37159 0.38053 0.40395 0.38810 0.37401 0.38036 0.37419 0.35218 0.37668 0.37546 0.37048 0.36371 0.36747 0.38994 0.64981 0.94485 0.99271 1.00175 0.96372 0.83869 0.69555 0.59119 0.52711 0.61356 0.42891 0.42941
0.36416 0.37867 0.39221 0.37263 0.34170 0.36528 0.38160 0.39323 0.36757 0.38113 0.38201 0.37970 0.42804 0.55302 0.89860 0.93146 0.56606 0.47976 0.24317 0.12154 0.11753 0.14600 0.18563 0.24810 0.26867 0.56877 0.91218 0.96115 0.78010 0.54438 0.33633 0.32933 0.38061 0.35702 0.38101 0.39748 0.39856 0.40019 0.40349 0.39886 0.39389 0.37719 0.37965 0.35618 0.36648 0.35991 0.36297 0.36470 0.40057 0.38071 0.38438 0.40119 0.70711 0.97448 0.98743 0.98214 0.94992 0.86969 0.66714 0.57639 0.57414 0.55860 0.47644 0.42071
0.38693 0.39554 0.36702 0.37695 0.36583 0.36410 0.37527 0.39068 0.38611 0.37493 0.38783 0.40566 0.41458 0.53866 0.87751 0.99959 0.78335 0.56678 0.28268 0.15759 0.09834 0.16587 0.18876 0.24507 0.28113 0.58689 0.91703 0.98171 0.78059 0.54697 0.34250 0.31961 0.39293 0.38903 0.38816 0.40391 0.39873 0.36630 0.34763 0.33883 0.35161 0.35524 0.36295 0.36905 0.38906 0.39975 0.41272 0.39770 0.41228 0.38460 0.37028 0.40002 0.81082 0.98502 0.98559 0.98277 0.95948 0.89715 0.64170 0.62178 0.54427 0.50394 0.46199 0.40698
0.34609 0.33056 0.37331 0.39196 0.38273 0.38418 0.40126 0.35922 0.38418 0.36358 0.35340 0.33992 0.39500 0.54158 0.87481 0.99809 0.69716 0.58515 0.28953 0.14278 0.14149 0.13851 0.22217 0.24097 0.30767 0.61297 0.94373 0.96679 0.82105 0.66487 0.44883 0.35405 0.38573 0.38650 0.40011 0.43445 0.41432 0.38383 0.38452 0.37216 0.38032 0.38725 0.39832 0.37726 0.39703 0.39942 0.38453 0.36829 0.36128 0.37718 0.35851 0.43664 0.72870 0.95909 0.99358 0.98248 0.95729 0.92674 0.71650 0.55188 0.49320 0.46137 0.42987 0.37531
0.38500 0.40174 0.40026 0.39801 0.37121 0.38251 0.39304 0.38119 0.36326 0.37051 0.37745 0.37844 0.42344 0.58740 0.91929 0.99135 0.78313 0.53410 0.33009 0.16114 0.11170 0.16407 0.23194 0.29303 0.30539 0.60590 0.88284 0.91630 0.84230 0.76683 0.51064 0.30626 0.38512 0.39427 0.41209 0.42071 0.41180 0.40033 0.38633 0.37166 0.35033 0.37412 0.36653 0.37725 0.35186 0.37642 0.36334 0.36436 0.36540 0.37922 0.38536 0.43915 0.75467 0.95873 0.98968 0.98664 0.97321 0.90760 0.76077 0.51761 0.52206 0.51354 0.46813 0.46851
0.35319 0.39147 0.40408 0.40352 0.38587 0.36687 0.40045 0.41133 0.36314 0.37454 0.38518 0.34996 0.40542 0.58917 0.89321 0.97690 0.77447 0.63531 0.33097 0.16151 0.13190 0.16183 0.19636 0.22395 0.27781 0.62676 0.91860 0.94494 0.85931 0.76829 0.48326 0.37413 0.39407 0.37321 0.40538 0.40241 0.37044 0.34636 0.33634 0.33870 0.36803 0.37747 0.39455 0.39055 0.38208 0.38207 0.37591 0.39181 0.39032 0.38049 0.37073 0.43816 0.75987 0.95506 1.00247 1.01558 0.95897 0.90092 0.76521 0.55917 0.53396 0.51582 0.50789 0.48847
0.34803 0.37128 0.41168 0.39288 0.36398 0.36772 0.37319 0.36308 0.36713 0.35404 0.36133 0.34254 0.41470 0.60695 0.95022 0.99250 0.84096 0.70022 0.39613 0.14663 0.09300 0.22895 0.29107 0.27597 0.28918 0.65415 0.88245 0.94501 0.86792 0.74402 0.44954 0.38168 0.38864 0.37176 0.40939 0.39374 0.38762 0.37159 0.38268 0.38756 0.39994 0.40106 0.38051 0.39364 0.38496 0.36793 0.35855 0.34574 0.38565 0.37132 0.39976 0.46042 0.76238 0.96247 1.00421 0.99807 0.96722 0.85294 0.74083 0.63519 0.52363 0.53556 0.50943 0.52927
0.34984 0.35423 0.40355 0.37301 0.35119 0.36019 0.39488 0.35980 0.36675 0.37261 0.36038 0.37201 0.41770 0.63871 0.93605 0.97468 0.83821 0.84296 0.53519 0.27404 0.17033 0.30526 0.37150 0.34954 0.38824 0.69248 0.89102 0.93337 0.86918 0.72870 0.48022 0.37912 0.40386 0.41206 0.41174 0.40852 0.36394 0.35183 0.38567 0.37232 0.36665 0.35385 0.35949 0.37951 0.36878 0.36609 0.36210 0.35970 0.35868 0.36689 0.36047 0.40296 0.78579 0.97314 0.99338 1.00772 0.95843 0.86321 0.71650 0.61258 0.55146 0.53066 0.52890 0.52790
0.35824 0.34222 0.38035 0.37341 0.38460 0.39584 0.37751 0.36197 0.36850 0.37999 0.37635 0.36629 0.36785 0.62708 0.94088 0.97001 0.88953 0.78758 0.51734 0.22508 0.16669 0.32335 0.34015 0.37003 0.38589 0.63569 0.92119 0.98543 0.81686 0.72608 0.46654 0.38556 0.39914 0.39636 0.42309 0.41700 0.35857 0.35269 0.38469 0.37150 0.37261 0.36984 0.35671 0.37292 0.37691 0.38174 0.38698 0.37923 0.36280 0.36267 0.38156 0.44673 0.78058 0.96435 0.98003 0.99171 0.97081 0.87975 0.72651 0.63476 0.54553 0.53327 0.52936 0.52163
0.34800 0.36365 0.36819 0.36846 0.34612 0.36973 0.36640 0.37587 0.34772 0.37277 0.38220 0.37187 0.42420 0.60450 0.91841 0.98264 0.84618 0.76705 0.50235 0.25694 0.28131 0.36366 0.35801 0.36526 0.37054 0.71269 1.03521 0.97809 0.81212 0.75606 0.48592 0.39280 0.43232 0.42769 0.43924 0.45911 0.38445 0.36838 0.39027 0.40522 0.39832 0.38849 0.38909 0.37372 0.36276 0.36888 0.37245 0.36628 0.36481 0.36845 0.39788 0.43075 0.76864 0.97018 0.99040 0.98010 0.96474 0.88705 0.73984 0.59591 0.57273 0.55239 0.54409 0.53040
0.38005 0.36443 0.39550 0.38609 0.38052 0.38059 0.40811 0.39012 0.37924 0.36402 0.36156 0.39711 0.44585 0.68627 0.87323 0.96386 0.83304 0.76627 0.45968 0.24573 0.34831 0.35776 0.35559 0.35082 0.38267 0.72008 0.98109 0.91885 0.83267 0.78166 0.50591 0.36570 0.41356 0.43795 0.44620 0.44854 0.38270 0.35281 0.35487 0.34733 0.35257 0.36361 0.36386 0.35708 0.38619 0.39766 0.38204 0.39669 0.40287 0.38310 0.40354 0.39283 0.76948 0.97803 0.98754 0.99205 0.95127 0.91401 0.71526 0.64477 0.57400 0.54739 0.55082 0.53405
0.37496 0.37027 0.36321 0.37386 0.36664 0.38348 0.37278 0.36519 0.34929 0.34779 0.36345 0.40002 0.47011 0.63631 0.91227 0.98779 0.80586 0.87046 0.45028 0.20992 0.31747 0.35047 0.35631 0.38406 0.38294 0.80209 1.01581 0.98752 0.86675 0.78454 0.50497 0.38477 0.40447 0.44018 0.44017 0.42497 0.39404 0.35209 0.35880 0.36887 0.36697 0.36694 0.36083 0.38326 0.37917 0.35531 0.36386 0.36657 0.36808 0.35224 0.37213 0.39219 0.74547 0.95852 0.99119 0.99217 0.97255 0.85101 0.73454 0.64414 0.59200 0.59523 0.55605 0.53950
0.38587 0.38464 0.37437 0.36934 0.37477 0.38999 0.39995 0.37281 0.37459 0.37779 0.38070 0.41628 0.45829 0.69143 0.91387 0.97023 0.80835 0.81391 0.40370 0.27107 0.34025 0.35531 0.35671 0.35432 0.42197 0.72592 0.92967 0.93671 0.83442 0.79381 0.49581 0.39924 0.42946 0.45482 0.45532 0.43154 0.39344 0.37278 0.38942 0.39613 0.36698 0.37419 0.35752 0.38276 0.37001 0.34887 0.35960 0.35003 0.36357 0.36499 0.36603 0.40715 0.74893 0.96651 0.97810 0.97062 0.94701 0.84535 0.73527 0.64109 0.58217 0.58920 0.54536 0.53401
0.38503 0.37442 0.35803 0.37502 0.35416 0.39402 0.39873 0.37256 0.36998 0.38904 0.37048 0.43095 0.47459 0.73489 0.93604 0.96932 0.84329 0.79464 0.41869 0.19907 0.34413 0.36415 0.38605 0.38049 0.44933 0.75290 0.94800 0.96871 0.82082 0.78351 0.48059 0.40944 0.47302 0.49328 0.50301 0.50194 0.37441 0.37343 0.37768 0.35285 0.35142 0.35968 0.37745 0.37045 0.35839 0.36839 0.36215 0.36927 0.35225 0.35959 0.38930 0.44999 0.76959 0.95618 0.97848 0.98924 0.96191 0.84178 0.74357 0.63584 0.58767 0.57050 0.56120 0.55712
0.38090 0.37240 0.36904 0.36768 0.37054 0.40075 0.43663 0.37180 0.37236 0.39061 0.37665 0.43141 0.52732 0.70801 0.92408 0.97280 0.82596 0.85660 0.48702 0.30774 0.37402 0.38440 0.39118 0.35828 0.40827 0.76012 0.99750 0.97486 0.82765 0.78246 0.47404 0.41591 0.52390 0.54135 0.56778 0.58202 0.40028 0.36172 0.37813 0.37446 0.39581 0.36824 0.36864 0.37971 0.35679 0.36325 0.35506 0.35561 0.36186 0.36393 0.40606 0.45286 0.76991 0.95890 0.98478 0.98275 0.96887 0.82571 0.74831 0.63921 0.57595 0.60241 0.55104 0.54899
0.36854 0.36240 0.37999 0.37048 0.38525 0.40732 0.43909 0.37399 0.34869 0.38994 0.36643 0.43490 0.51008 0.75529 0.95120 0.95899 0.83963 0.76987 0.48424 0.32697 0.36548 0.37819 0.37446 0.37035 0.45127 0.78295 0.97004 0.97157 0.81769 0.79888 0.48873 0.44209 0.51121 0.56870 0.58749 0.52555 0.39098 0.38027 0.37588 0.37997 0.34430 0.34014 0.34683 0.36479 0.34956 0.36101 0.37689 0.37778 0.37535 0.37272 0.40535 0.44268 0.76597 0.96847 0.97100 0.97884 0.96729 0.83354 0.73608 0.64059 0.59472 0.55522 0.54119 0.54451
0.36836 0.36185 0.40721 0.37306 0.36309 0.37661 0.39663 0.39418 0.37143 0.37636 0.38204 0.41436 0.49136 0.72510 0.93739 0.96602 0.83486 0.76620 0.48478 0.34254 0.37710 0.39925 0.37293 0.40446 0.47803 0.78796 0.96904 0.97264 0.82371 0.80058 0.44942 0.48995 0.55646 0.56072 0.65029 0.51279 0.38374 0.36574 0.36697 0.37833 0.37197 0.38778 0.37432 0.39048 0.35320 0.37325 0.39742 0.38338 0.40077 0.38060 0.39137 0.44452 0.80620 0.96716 0.97397 0.94219 0.93712 0.82876 0.74794 0.62395 0.58105 0.56464 0.55557 0.51717
0.35911 0.36510 0.38668 0.36474 0.37526 0.39757 0.37903 0.36683 0.35934 0.38533 0.40110 0.45201 0.49631 0.75014 0.95276 0.96113 0.85531 0.77306 0.49705 0.34743 0.39036 0.41728 0.40046 0.39842 0.52096 0.79505 0.96860 0.97935 0.82539 0.81151 0.44477 0.54496 0.54654 0.56766 0.57996 0.52595 0.40350 0.36143 0.38515 0.36775 0.38584 0.34036 0.36955 0.39282 0.37811 0.36203 0.34996 0.37028 0.37243 0.37431 0.39946 0.46981 0.79865 0.96474 0.98255 0.97602 0.93084 0.83115 0.71918 0.64642 0.59687 0.56311 0.54412 0.54062
0.36683 0.38515 0.39291 0.39928 0.37854 0.41171 0.40698 0.37940 0.35986 0.40079 0.38092 0.43713 0.49823 0.76713 0.93383 0.96334 0.86175 0.79179 0.49981 0.36482 0.39689 0.40588 0.42935 0.43588 0.54438 0.80613 0.92849 0.96416 0.83982 0.80262 0.43686 0.49537 0.56758 0.57505 0.60689 0.53864 0.39385 0.36906 0.37905 0.37657 0.37472 0.35942 0.35799 0.33627 0.36538 0.37647 0.38451 0.38043 0.37680 0.36587 0.38512 0.48193 0.80939 0.96355 0.98956 0.97752 0.94714 0.82096 0.75910 0.61565 0.59279 0.57516 0.55592 0.53057
0.39242 0.36078 0.35485 0.37944 0.33730 0.43044 0.40539 0.35843 0.35135 0.36765 0.36621 0.41379 0.51624 0.78296 0.94646 0.96515 0.88292 0.77028 0.49145 0.36914 0.42958 0.45154 0.44245 0.47863 0.52886 0.82210 0.94193 0.95734 0.85871 0.80930 0.46811 0.63148 0.58846 0.58869 0.56600 0.53968 0.35760 0.35691 0.34864 0.36059 0.36098 0.34353 0.34905 0.35762 0.37640 0.37704 0.38779 0.35299 0.36496 0.35406 0.40207 0.51176 0.80929 0.96694 1.00113 0.99043 0.95782 0.83379 0.74827 0.66279 0.60732 0.60153 0.56632 0.55140
0.35043 0.36705 0.39115 0.37520 0.39346 0.39983 0.36896 0.36768 0.36232 0.38057 0.39058 0.43118 0.52473 0.80015 0.95317 0.96854 0.85452 0.78414 0.47876 0.37920 0.45397 0.44943 0.40783 0.51090 0.51922 0.85473 0.93412 0.95970 0.83994 0.72287 0.43354 0.48357 0.50818 0.59354 0.66417 0.58005 0.46531 0.35783 0.35607 0.36332 0.38227 0.36023 0.35630 0.35885 0.37569 0.37017 0.37488 0.37407 0.38387 0.37734 0.41016 0.50538 0.81339 0.96334 0.98221 0.97946 0.95781 0.79125 0.75461 0.61540 0.59291 0.55712 0.58022 0.56914
0.36925 0.40108 0.39250 0.35549 0.37742 0.40201 0.39239 0.35386 0.34758 0.34052 0.37270 0.36065 0.46062 0.78055 0.93765 0.96235 0.85422 0.77963 0.48030 0.30791 0.42504 0.45314 0.47859 0.53118 0.49762 0.85308 0.94188 0.98340 0.86877 0.78667 0.45172 0.49721 0.71074 0.67092 0.68776 0.62616 0.46631 0.36901 0.35886 0.36380 0.36918 0.36302 0.37414 0.35788 0.38084 0.40092 0.39454 0.38592 0.38141 0.39375 0.44297 0.52353 0.84451 0.97430 0.97641 0.96351 0.92792 0.75536 0.71417 0.60854 0.57202 0.55034 0.58020 0.56808
0.36031 0.36101 0.37019 0.36112 0.36438 0.38428 0.38307 0.36704 0.36369 0.36305 0.37064 0.47107 0.50053 0.78840 0.94626 0.96022 0.87260 0.74851 0.49330 0.41577 0.47125 0.54440 0.48516 0.45468 0.45714 0.83324 0.90115 0.98427 0.90696 0.84836 0.69300 0.67229 0.72277 0.82067 0.87099 0.76501 0.46515 0.38050 0.38235 0.37298 0.37374 0.37641 0.37673 0.39467 0.38303 0.39082 0.37968 0.37509 0.36792 0.36577 0.40429 0.50826 0.83693 0.97057 1.00108 0.94397 0.93086 0.76857 0.68166 0.60362 0.58891 0.56840 0.56673 0.55538
0.37371 0.38496 0.38089 0.36528 0.37915 0.40104 0.40250 0.35132 0.33728 0.34146 0.34605 0.43333 0.53018 0.78054 0.93604 0.96163 0.86376 0.75043 0.45919 0.44507 0.51913 0.49070 0.53792 0.51189 0.69231 0.95967 0.98454 0.98861 0.95436 0.95509 0.88571 0.87457 0.95463 0.89384 0.90840 0.74327 0.43277 0.36826 0.38072 0.38168 0.36716 0.34780 0.34920 0.34258 0.35094 0.36313 0.36536 0.36189 0.35701 0.36898 0.39457 0.49725 0.83538 1.02038 0.97320 0.97879 0.93509 0.77063 0.68180 0.61556 0.57160 0.56326 0.55514 0.54874
0.36141 0.37400 0.36867 0.33030 0.35472 0.40041 0.37617 0.34041 0.34661 0.35105 0.35114 0.41669 0.53768 0.78821 0.93956 0.95641 0.91034 0.85802 0.62479 0.55490 0.62333 0.65610 0.76389 0.82977 0.82909 0.87028 0.95098 0.96416 0.94026 0.89295 0.90121 0.89656 0.91586 0.87195 0.81578 0.66330 0.41120 0.36387 0.39406 0.35450 0.35673 0.36764 0.36995 0.36949 0.36323 0.36615 0.37061 0.37003 0.34668 0.36597 0.36175 0.50244 0.84420 0.97466 0.94063 0.96348 0.92694 0.78392 0.68002 0.60176 0.58495 0.56498 0.56659 0.51470
0.35187 0.37230 0.38443 0.35686 0.38867 0.40392 0.40508 0.36580 0.34102 0.35472 0.35006 0.42343 0.54254 0.80549 0.93957 0.97267 0.97230 0.92815 0.77388 0.83063 0.90512 0.93179 0.92702 0.89618 0.93737 0.93587 0.93463 0.87942 0.88490 0.87957 0.84121 0.85962 0.85442 0.84231 0.81848 0.67157 0.43870 0.36383 0.37642 0.36668 0.37380 0.37332 0.38038 0.38373 0.34486 0.35130 0.34576 0.35707 0.35426 0.33633 0.38551 0.50545 0.86162 0.93829 0.96289 0.97052 0.94212 0.78725 0.69148 0.60827 0.58761 0.57855 0.55631 0.53200
0.38463 0.39106 0.39878 0.37071 0.37791 0.40622 0.38884 0.37468 0.32148 0.34006 0.33510 0.43712 0.55073 0.80885 0.92162 0.96078 0.94031 0.96183 0.93129 0.91544 0.92484 0.92423 0.90053 0.86523 0.85831 0.85626 0.84012 0.82918 0.80220 0.82344 0.85020 0.79432 0.75231 0.77155 0.74253 0.67108 0.53469 0.38019 0.37028 0.34705 0.35352 0.33078 0.35614 0.35695 0.35333 0.35262 0.36435 0.36206 0.37941 0.38323 0.37658 0.52822 0.84447 0.98425 0.97844 0.96527 0.94234 0.78383 0.69739 0.62741 0.56861 0.57001 0.55976 0.56832
0.33964 0.35585 0.34758 0.34568 0.35387 0.37458 0.39144 0.34665 0.34199 0.34440 0.36446 0.43148 0.57431 0.82107 0.92210 0.91345 0.88951 0.87195 0.83845 0.84585 0.86044 0.86535 0.86026 0.81352 0.81262 0.81716 0.86148 0.88095 0.74899 0.70571 0.70808 0.67327 0.59836 0.50685 0.51855 0.52676 0.48010 0.36744 0.36181 0.35060 0.35647 0.35776 0.37430 0.38194 0.36164 0.38101 0.36784 0.37265 0.38509 0.35202 0.41314 0.50601 0.86974 0.97332 0.98486 0.96721 0.92241 0.80169 0.69113 0.61068 0.58892 0.57229 0.53985 0.54332
