0.46164 0.36762 0.33388 0.34128 0.35420 0.35103 0.34046 0.36329 0.37130 0.35942 0.34222 0.36337 0.36532 0.39209 0.39133 0.37682 0.37315 0.39099 0.39806 0.37730 0.34495 0.33800 0.27948 0.16698 0.15287 0.14084 0.13168 0.12874 0.12559 0.14269 0.14085 0.12220 0.12014 0.10417 0.11214 0.14086 0.15797 0.13151 0.12856 0.12505 0.10226 0.10183 0.11788 0.13336 0.13158 0.11846 0.08820 0.09755 0.11346 0.11951 0.11125 0.11328 0.12771 0.10593 0.11243 0.11424 0.09232 0.07009 0.11239 0.10537 0.09855 0.07524 0.07420 0.07229
0.45634 0.38657 0.34295 0.36456 0.38196 0.34546 0.36772 0.39966 0.38626 0.38462 0.38419 0.39402 0.38525 0.38393 0.40508 0.38919 0.37124 0.37403 0.38480 0.38150 0.35932 0.36260 0.36281 0.29455 0.17266 0.14884 0.14123 0.13303 0.11901 0.11803 0.11452 0.13240 0.10754 0.11062 0.11694 0.13059 0.12681 0.13320 0.13714 0.11474 0.12438 0.13331 0.13465 0.14469 0.13297 0.10275 0.10163 0.08310 0.10805 0.11019 0.08961 0.10172 0.11640 0.10718 0.12109 0.10504 0.09567 0.09151 0.11480 0.08429 0.10129 0.07556 0.05740 0.07762
0.36910 0.37160 0.35226 0.34029 0.34857 0.34830 0.38509 0.37619 0.36830 0.37373 0.38636 0.37747 0.38599 0.39002 0.38494 0.36633 0.37906 0.37590 0.39911 0.37923 0.37566 0.38372 0.38925 0.34509 0.32289 0.25473 0.18191 0.12723 0.11573 0.12675 0.13929 0.14597 0.13264 0.12549 0.13759 0.11626 0.12454 0.14276 0.13485 0.14763 0.12612 0.13328 0.13119 0.14580 0.14119 0.12743 0.09636 0.11191 0.12669 0.10596 0.06641 0.08539 0.11564 0.10503 0.09578 0.10020 0.09676 0.11325 0.07587 0.08261 0.09161 0.07724 0.07065 0.08572
0.36134 0.34193 0.35856 0.37212 0.36825 0.34267 0.38006 0.37583 0.37375 0.37560 0.37434 0.35420 0.36586 0.38189 0.37133 0.35206 0.35808 0.40267 0.36903 0.35297 0.37502 0.38447 0.37824 0.38289 0.38731 0.35080 0.26925 0.16741 0.13545 0.12961 0.14337 0.14912 0.14593 0.14203 0.14220 0.12014 0.13720 0.11942 0.12813 0.12911 0.14854 0.13429 0.12632 0.12416 0.13864 0.12959 0.12668 0.13456 0.14055 0.12397 0.07212 0.08017 0.09427 0.09032 0.10717 0.12192 0.09801 0.08715 0.07533 0.06543 0.07207 0.08140 0.08890 0.08116
0.36785 0.35147 0.36308 0.39494 0.39444 0.36472 0.37566 0.37521 0.37890 0.36866 0.37621 0.36807 0.35943 0.36757 0.37008 0.35475 0.36997 0.38567 0.37748 0.39831 0.39933 0.40126 0.39810 0.38705 0.35743 0.36037 0.35177 0.31988 0.27726 0.25537 0.20561 0.14442 0.14011 0.13867 0.12207 0.12452 0.10391 0.12276 0.12961 0.12973 0.13700 0.15271 0.13513 0.13613 0.15879 0.11984 0.12938 0.12485 0.13613 0.12868 0.11334 0.10606 0.08539 0.08829 0.10007 0.10619 0.08688 0.06939 0.06564 0.07092 0.07291 0.06947 0.07264 0.08512
0.36822 0.33650 0.35534 0.36637 0.37763 0.36645 0.37215 0.37418 0.34524 0.34643 0.35334 0.35480 0.37886 0.37706 0.37304 0.37926 0.38339 0.38116 0.35045 0.36809 0.37678 0.37582 0.37969 0.36471 0.37917 0.38498 0.37849 0.39543 0.39083 0.38002 0.33449 0.25500 0.18282 0.15387 0.14248 0.12004 0.13239 0.14084 0.11133 0.11643 0.13569 0.13996 0.13885 0.15404 0.12909 0.12881 0.13347 0.13460 0.11830 0.11186 0.11762 0.13563 0.11509 0.11359 0.10093 0.12906 0.10963 0.09399 0.08244 0.09361 0.07257 0.07872 0.08077 0.08441
0.40216 0.36960 0.34774 0.38037 0.38947 0.36433 0.37594 0.38359 0.37105 0.37894 0.36241 0.37331 0.38529 0.38085 0.37901 0.38885 0.36666 0.36451 0.37975 0.38594 0.38341 0.37815 0.36320 0.35822 0.41010 0.38177 0.36761 0.36095 0.36782 0.38203 0.35547 0.35636 0.33919 0.22788 0.14666 0.13615 0.15026 0.13896 0.13898 0.11915 0.13346 0.12314 0.13975 0.12694 0.14375 0.14012 0.13555 0.12337 0.12030 0.13005 0.10987 0.11602 0.10704 0.10780 0.12198 0.14378 0.12306 0.10409 0.11511 0.10179 0.07924 0.09840 0.08632 0.08237
0.38588 0.37443 0.34773 0.37025 0.36693 0.36571 0.36921 0.40179 0.38125 0.37890 0.36040 0.35629 0.37842 0.36721 0.36849 0.36909 0.35331 0.37939 0.39161 0.38025 0.36342 0.36179 0.35577 0.36196 0.37633 0.38562 0.38571 0.38241 0.39371 0.40736 0.39831 0.38246 0.38182 0.34524 0.21792 0.16169 0.15080 0.15750 0.15194 0.13125 0.12300 0.13203 0.13259 0.12224 0.11740 0.11763 0.13568 0.12495 0.13430 0.12291 0.11642 0.12399 0.06816 0.10752 0.11217 0.10529 0.10930 0.10828 0.11602 0.11766 0.10944 0.13112 0.10978 0.07887
0.37885 0.37973 0.37318 0.37455 0.35843 0.33887 0.35948 0.40923 0.36863 0.36789 0.37053 0.40023 0.37576 0.37881 0.37901 0.38606 0.38169 0.36797 0.38266 0.37388 0.37724 0.37367 0.36899 0.37029 0.36905 0.37984 0.37793 0.36305 0.36953 0.38072 0.38764 0.37304 0.41134 0.38803 0.34551 0.27591 0.20867 0.17009 0.13727 0.12500 0.12032 0.13884 0.13190 0.12355 0.12171 0.13555 0.12007 0.12261 0.13386 0.13438 0.12373 0.12503 0.11066 0.11173 0.11467 0.10698 0.14946 0.12932 0.11433 0.10601 0.11714 0.12549 0.11603 0.09290
0.35792 0.35604 0.37613 0.38420 0.38093 0.36108 0.38404 0.40383 0.39180 0.38512 0.37493 0.37132 0.38407 0.36925 0.33197 0.35562 0.36848 0.37482 0.39356 0.38832 0.37606 0.36873 0.37922 0.36304 0.37408 0.38821 0.37590 0.37605 0.38216 0.36753 0.37656 0.38849 0.41386 0.39498 0.38650 0.33686 0.32731 0.26445 0.19043 0.14961 0.12638 0.13431 0.15371 0.12702 0.13165 0.12864 0.13330 0.13806 0.13398 0.13321 0.12811 0.13391 0.12517 0.10722 0.12184 0.14577 0.13081 0.10679 0.09098 0.08667 0.10465 0.11978 0.11184 0.09314
0.37698 0.34326 0.35744 0.37800 0.36292 0.36257 0.39225 0.38712 0.38313 0.37747 0.35654 0.35796 0.38335 0.39288 0.39226 0.38455 0.39924 0.40019 0.41056 0.37389 0.38014 0.37275 0.36615 0.37576 0.39219 0.39953 0.38650 0.38596 0.39180 0.40315 0.37564 0.36731 0.38575 0.38259 0.37857 0.37231 0.39014 0.38440 0.37328 0.29640 0.18756 0.15867 0.14300 0.12493 0.13883 0.12855 0.12809 0.12697 0.15236 0.14585 0.13610 0.13553 0.11749 0.10912 0.11634 0.12322 0.12952 0.11708 0.10234 0.10243 0.09704 0.11752 0.10846 0.11401
0.42194 0.37847 0.36450 0.36661 0.39361 0.37261 0.37878 0.40179 0.39852 0.36991 0.37293 0.39139 0.39206 0.38964 0.40456 0.39082 0.38157 0.39187 0.36965 0.37577 0.35531 0.37000 0.37931 0.37112 0.38646 0.38146 0.38413 0.36069 0.38381 0.37466 0.36851 0.36865 0.36272 0.38666 0.40444 0.41047 0.40682 0.38207 0.37355 0.36537 0.34799 0.28917 0.20574 0.15456 0.13652 0.14553 0.15757 0.12833 0.13919 0.13728 0.12476 0.11708 0.12609 0.10390 0.09358 0.12595 0.12077 0.11620 0.13445 0.12438 0.12791 0.10949 0.10301 0.10906
0.42243 0.39113 0.36348 0.36179 0.37777 0.36881 0.37913 0.38856 0.36466 0.37527 0.39925 0.39061 0.37981 0.37744 0.39418 0.38619 0.39431 0.38634 0.37362 0.38249 0.36567 0.36148 0.35767 0.35296 0.34834 0.37837 0.37235 0.35315 0.38144 0.37618 0.39845 0.39456 0.37500 0.37759 0.37722 0.39277 0.37871 0.37894 0.37196 0.36860 0.39003 0.37177 0.34317 0.28399 0.18521 0.14720 0.14072 0.12269 0.13096 0.13226 0.11987 0.12568 0.11645 0.12670 0.12949 0.14011 0.11381 0.10696 0.13941 0.14523 0.11460 0.12990 0.11876 0.12733
0.38083 0.37982 0.37266 0.36321 0.36495 0.37347 0.37440 0.36739 0.36445 0.35230 0.38238 0.38807 0.36093 0.35523 0.36441 0.37647 0.38731 0.39300 0.37155 0.38653 0.37750 0.36731 0.37738 0.36502 0.37271 0.37262 0.37913 0.37016 0.38768 0.37540 0.38097 0.39265 0.36111 0.34061 0.36650 0.37094 0.37387 0.38210 0.39593 0.41745 0.39348 0.37496 0.36947 0.37823 0.34689 0.26406 0.17346 0.14421 0.12877 0.12952 0.12256 0.09645 0.12525 0.13543 0.14449 0.11585 0.10021 0.11112 0.12038 0.12269 0.11735 0.12868 0.13107 0.12573
0.37167 0.38173 0.37580 0.38113 0.39495 0.39260 0.39672 0.41258 0.39342 0.37145 0.37056 0.38204 0.38217 0.35974 0.34717 0.34404 0.37267 0.36461 0.36117 0.36614 0.41424 0.39914 0.37474 0.37965 0.37116 0.36962 0.37014 0.38678 0.38324 0.37668 0.36281 0.36870 0.39250 0.38537 0.37519 0.37998 0.38996 0.39852 0.38440 0.40163 0.39800 0.39417 0.40265 0.38902 0.39716 0.36313 0.29002 0.18449 0.14697 0.11752 0.10960 0.11159 0.11329 0.12734 0.12659 0.13723 0.10549 0.11369 0.12616 0.12555 0.11651 0.11076 0.13715 0.13715
0.33826 0.36893 0.35261 0.37657 0.38688 0.37728 0.39048 0.40733 0.36939 0.37199 0.36136 0.35991 0.36950 0.37185 0.37267 0.36665 0.38471 0.35957 0.36349 0.36311 0.39937 0.38125 0.39484 0.36898 0.37123 0.36414 0.35855 0.36560 0.38411 0.37678 0.37718 0.38023 0.39474 0.38183 0.37388 0.35482 0.38373 0.39428 0.41177 0.38652 0.38411 0.40121 0.40474 0.38372 0.36251 0.34995 0.33694 0.34028 0.26648 0.17185 0.14166 0.13516 0.11485 0.11669 0.12853 0.15428 0.11311 0.10822 0.12644 0.12241 0.11242 0.11158 0.12351 0.14652
0.39878 0.38228 0.36944 0.38768 0.37298 0.38197 0.35962 0.34811 0.36506 0.38363 0.36519 0.36788 0.35964 0.38199 0.36861 0.35503 0.35575 0.38966 0.38222 0.37778 0.34509 0.36813 0.35476 0.37105 0.37650 0.36353 0.36841 0.37021 0.35030 0.36228 0.35401 0.36379 0.36403 0.36557 0.38283 0.39081 0.39862 0.39784 0.39439 0.39738 0.37855 0.37843 0.36846 0.38039 0.37752 0.38019 0.37109 0.39427 0.37601 0.31937 0.27992 0.21414 0.14788 0.14668 0.15605 0.14841 0.12466 0.14107 0.14357 0.12102 0.13363 0.14482 0.17711 0.23190
0.39391 0.36701 0.37534 0.37280 0.38045 0.38064 0.40017 0.40092 0.39171 0.36374 0.38514 0.36229 0.35078 0.35916 0.39728 0.37276 0.39689 0.40937 0.39315 0.39656 0.37648 0.38699 0.37756 0.35903 0.36622 0.36846 0.37156 0.37320 0.37224 0.36736 0.36238 0.38387 0.36751 0.36934 0.37627 0.33748 0.35226 0.36613 0.36915 0.36571 0.38513 0.37090 0.37538 0.40628 0.36526 0.36365 0.36502 0.36340 0.34011 0.37235 0.37192 0.33495 0.26997 0.18609 0.15704 0.13792 0.14973 0.16241 0.16266 0.16423 0.17978 0.29773 0.35384 0.38986
0.35814 0.36252 0.35682 0.35898 0.33959 0.35154 0.36290 0.35087 0.36309 0.38265 0.37237 0.37154 0.36999 0.37861 0.39323 0.37920 0.40140 0.37608 0.36177 0.36847 0.37902 0.37664 0.38422 0.38854 0.39825 0.38411 0.39600 0.37878 0.37426 0.37896 0.34824 0.35550 0.35618 0.36495 0.38209 0.38038 0.39515 0.39003 0.38793 0.37011 0.36030 0.37929 0.38953 0.36368 0.34237 0.34094 0.35152 0.35440 0.36592 0.40266 0.41699 0.38236 0.34666 0.24283 0.20904 0.25229 0.24174 0.27915 0.32422 0.35553 0.38151 0.39327 0.43637 0.43718
0.38723 0.36064 0.38521 0.39052 0.38854 0.37083 0.37876 0.40183 0.37681 0.36719 0.36416 0.38679 0.38725 0.36186 0.36548 0.36527 0.35507 0.37133 0.39978 0.40838 0.39773 0.35867 0.35687 0.37728 0.38713 0.37308 0.36647 0.36905 0.37087 0.35471 0.35736 0.37284 0.38498 0.37081 0.38706 0.38055 0.37991 0.37052 0.35642 0.34543 0.33959 0.37485 0.38182 0.38178 0.35569 0.36112 0.35914 0.35458 0.38028 0.36160 0.35505 0.33533 0.31134 0.29984 0.32237 0.37614 0.39885 0.39130 0.39059 0.42087 0.43070 0.47266 0.52134 0.53684
0.35919 0.38179 0.38219 0.37917 0.36239 0.38436 0.39339 0.40210 0.39690 0.38372 0.36977 0.39760 0.38462 0.36688 0.39500 0.39370 0.38360 0.38665 0.38944 0.36646 0.35538 0.36212 0.38775 0.40005 0.39732 0.37275 0.37029 0.36727 0.37823 0.37556 0.37686 0.37068 0.37885 0.37248 0.36145 0.36818 0.37877 0.36812 0.36232 0.37519 0.39392 0.40919 0.38937 0.39561 0.38039 0.36062 0.36732 0.36190 0.38844 0.37531 0.36020 0.27714 0.24283 0.32765 0.37318 0.44159 0.43339 0.42673 0.43399 0.48771 0.52618 0.52671 0.53731 0.55755
0.36535 0.36801 0.37227 0.36900 0.37837 0.37351 0.36408 0.38522 0.34604 0.38007 0.35864 0.37077 0.38037 0.36296 0.38348 0.37869 0.36392 0.38977 0.38065 0.35715 0.35600 0.35417 0.36630 0.38553 0.41350 0.39347 0.39000 0.38333 0.38097 0.37303 0.35040 0.37752 0.37505 0.36767 0.36851 0.38545 0.39761 0.38627 0.39114 0.40203 0.39996 0.37872 0.37013 0.37161 0.37501 0.37015 0.37857 0.36454 0.37674 0.38104 0.36646 0.25115 0.25268 0.35118 0.40928 0.50264 0.54554 0.53204 0.50469 0.51164 0.53595 0.51477 0.47989 0.43162
0.40065 0.38084 0.36695 0.38101 0.36754 0.35557 0.36984 0.37936 0.39244 0.39776 0.39620 0.37452 0.34816 0.35188 0.37890 0.33742 0.36864 0.37834 0.38613 0.38843 0.42131 0.36772 0.36314 0.38308 0.37892 0.37346 0.36306 0.35437 0.35331 0.38404 0.37238 0.36206 0.38027 0.38394 0.37551 0.37950 0.36930 0.37691 0.37004 0.36701 0.36921 0.37833 0.40380 0.39649 0.38735 0.39259 0.38970 0.36545 0.35350 0.33940 0.35289 0.29153 0.27374 0.39803 0.50879 0.56124 0.57493 0.51989 0.42947 0.41046 0.41173 0.41247 0.40012 0.39149
0.38141 0.35511 0.36288 0.37010 0.35449 0.35404 0.37220 0.38866 0.38732 0.38608 0.36071 0.35205 0.37627 0.35419 0.37222 0.39454 0.38336 0.37935 0.38548 0.39467 0.39120 0.36689 0.35819 0.37557 0.37529 0.34797 0.34946 0.37170 0.36278 0.37360 0.35994 0.36209 0.35462 0.36767 0.35063 0.36762 0.36605 0.37151 0.37531 0.38230 0.40484 0.40305 0.39320 0.38377 0.37568 0.35621 0.35141 0.34049 0.36669 0.35237 0.35715 0.32761 0.32245 0.46262 0.58347 0.55428 0.52378 0.43366 0.37359 0.37610 0.38340 0.37221 0.36406 0.35361
0.34447 0.34571 0.35882 0.37369 0.36062 0.34363 0.36252 0.40102 0.38394 0.39648 0.39646 0.40130 0.39628 0.35477 0.35838 0.36546 0.36126 0.34579 0.34621 0.36798 0.37878 0.38314 0.37174 0.36386 0.36705 0.37386 0.38350 0.37811 0.37704 0.35806 0.35830 0.37516 0.37811 0.35992 0.34185 0.35906 0.39335 0.38714 0.39043 0.39260 0.38384 0.36574 0.36714 0.37488 0.37819 0.36762 0.37234 0.36713 0.38272 0.39468 0.38512 0.36020 0.36008 0.54519 0.62872 0.61348 0.53920 0.44468 0.32480 0.29238 0.28558 0.29965 0.31995 0.33142
0.36040 0.35449 0.37229 0.37694 0.37931 0.40345 0.40906 0.40064 0.38296 0.37988 0.36963 0.38680 0.37790 0.36124 0.35518 0.38200 0.39324 0.39920 0.38399 0.37637 0.39565 0.38150 0.38015 0.34741 0.37372 0.35977 0.36719 0.36963 0.36474 0.38827 0.40096 0.35657 0.36934 0.38307 0.37083 0.39741 0.37776 0.39038 0.38003 0.38167 0.38718 0.38141 0.38201 0.37904 0.38404 0.37636 0.33809 0.31246 0.35096 0.35409 0.35786 0.33478 0.37215 0.66928 0.74013 0.66701 0.61380 0.50806 0.28319 0.16384 0.16429 0.22738 0.29534 0.31703
0.34030 0.35115 0.35367 0.39177 0.37949 0.39946 0.37136 0.36262 0.33538 0.36334 0.35488 0.35559 0.34937 0.37243 0.39511 0.40343 0.37576 0.38259 0.37660 0.37062 0.35065 0.35044 0.35638 0.36890 0.36626 0.35853 0.35163 0.36328 0.39710 0.41969 0.41966 0.40669 0.43164 0.47308 0.45738 0.41556 0.38855 0.38786 0.37573 0.40542 0.39178 0.36946 0.37951 0.37196 0.34298 0.36500 0.35825 0.35144 0.36065 0.37773 0.36836 0.35370 0.41166 0.78374 0.85145 0.72583 0.63813 0.51387 0.29695 0.19902 0.20617 0.26547 0.33026 0.35562
0.38552 0.37242 0.34797 0.36032 0.36584 0.38412 0.36179 0.37145 0.36837 0.37048 0.36671 0.36738 0.34613 0.39932 0.37902 0.36381 0.36796 0.36386 0.38056 0.38655 0.35286 0.35230 0.35588 0.35140 0.38634 0.36417 0.38996 0.40781 0.40734 0.41119 0.42274 0.40505 0.44523 0.45521 0.40111 0.38665 0.38451 0.36166 0.38336 0.38657 0.39109 0.36878 0.36938 0.37241 0.37321 0.36666 0.37212 0.35987 0.37022 0.38387 0.38539 0.37149 0.47290 0.82580 0.91693 0.75255 0.66218 0.50399 0.35111 0.30334 0.28415 0.30678 0.33455 0.35683
0.37129 0.34420 0.36763 0.36854 0.36741 0.37692 0.37577 0.40242 0.39360 0.38726 0.36794 0.36079 0.30128 0.28072 0.33093 0.36521 0.37627 0.37698 0.36815 0.37410 0.38735 0.39716 0.41217 0.39854 0.41371 0.44815 0.50080 0.50651 0.42313 0.39838 0.37958 0.34695 0.36850 0.37334 0.32836 0.35435 0.36480 0.36115 0.36967 0.37818 0.36891 0.35785 0.36816 0.37219 0.37829 0.36993 0.38785 0.36459 0.35753 0.35530 0.35507 0.37439 0.52821 0.84458 0.95678 0.80369 0.72416 0.51511 0.34759 0.34323 0.33166 0.31428 0.33413 0.35925
0.37828 0.36323 0.35317 0.36782 0.36679 0.36325 0.39300 0.39333 0.37515 0.38510 0.38473 0.34731 0.16920 0.13445 0.24747 0.35590 0.37744 0.37756 0.39071 0.41279 0.42070 0.42162 0.44033 0.38971 0.39655 0.43167 0.55758 0.57185 0.43737 0.35841 0.32823 0.30496 0.36529 0.35569 0.33910 0.37046 0.38412 0.36795 0.36546 0.36250 0.36878 0.35829 0.33570 0.34097 0.35486 0.36068 0.37073 0.40335 0.39679 0.37978 0.38106 0.38626 0.59233 0.92563 0.95535 0.86438 0.78402 0.53211 0.39205 0.36397 0.34439 0.33351 0.34171 0.35940
0.35768 0.37590 0.39597 0.40955 0.38458 0.38532 0.42172 0.42024 0.39785 0.38755 0.38268 0.34279 0.18522 0.14563 0.27398 0.40124 0.41641 0.40424 0.38641 0.39218 0.39631 0.39477 0.34892 0.23297 0.24810 0.30771 0.62330 0.61480 0.48453 0.34890 0.30791 0.28175 0.32257 0.33325 0.34733 0.37302 0.38933 0.35633 0.36371 0.34739 0.35350 0.36378 0.35076 0.36862 0.38446 0.38239 0.36407 0.39795 0.36889 0.38490 0.37672 0.41717 0.65291 0.91402 0.97188 0.93197 0.80152 0.56902 0.39535 0.38764 0.37925 0.36789 0.37145 0.38728
0.33069 0.33048 0.37890 0.39461 0.36705 0.38873 0.40332 0.38271 0.38669 0.35400 0.36759 0.37007 0.29962 0.22855 0.36233 0.43386 0.39634 0.35019 0.30211 0.26310 0.23541 0.19147 0.11600 0.09426 0.11928 0.26785 0.63729 0.65428 0.49683 0.36689 0.31422 0.28840 0.34590 0.36856 0.36908 0.37200 0.36972 0.35846 0.36363 0.37689 0.38777 0.38395 0.37348 0.37604 0.37700 0.38747 0.34844 0.34936 0.36804 0.36549 0.38950 0.43360 0.65377 0.89952 0.96511 0.95856 0.83311 0.62908 0.47303 0.41437 0.38490 0.37380 0.37154 0.37617
0.36117 0.38903 0.36932 0.36496 0.36697 0.36524 0.38422 0.37361 0.39054 0.40868 0.39681 0.40783 0.36345 0.36798 0.42194 0.52307 0.42039 0.33546 0.15739 0.13420 0.10102 0.08774 0.08367 0.08312 0.09679 0.29185 0.65344 0.67999 0.49634 0.37736 0.31509 0.26325 0.34870 0.37226 0.37608 0.37878 0.37360 0.36612 0.37802 0.37437 0.35096 0.33046 0.34978 0.33218 0.35352 0.37206 0.37152 0.35473 0.34562 0.35896 0.39885 0.41526 0.64098 0.91490 0.96069 0.97071 0.89820 0.70366 0.50448 0.43568 0.38404 0.39171 0.38960 0.37677
0.36449 0.35892 0.34889 0.35766 0.34979 0.36301 0.39548 0.39068 0.35071 0.35554 0.36592 0.37289 0.37849 0.36610 0.47404 0.59474 0.48222 0.34169 0.19195 0.11601 0.05722 0.04662 0.07436 0.10631 0.15002 0.34340 0.73376 0.74043 0.55725 0.39625 0.32728 0.25350 0.31907 0.36066 0.38189 0.36813 0.36571 0.36446 0.35650 0.35544 0.36125 0.36383 0.35965 0.36236 0.36597 0.36898 0.36254 0.35981 0.33109 0.32939 0.35970 0.38962 0.62213 0.91779 0.98089 0.98306 0.94017 0.72717 0.48998 0.41596 0.36733 0.37657 0.36470 0.36570
0.37237 0.34475 0.33437 0.35267 0.34322 0.37580 0.38517 0.38576 0.35639 0.35649 0.35801 0.37671 0.37732 0.36861 0.52531 0.63333 0.49370 0.39812 0.25539 0.10742 0.04658 0.06331 0.11842 0.13671 0.21914 0.44995 0.82838 0.87733 0.69231 0.47241 0.35450 0.33069 0.33277 0.35903 0.38263 0.39449 0.38732 0.40255 0.38573 0.38284 0.39487 0.36137 0.37050 0.38258 0.36190 0.35348 0.35988 0.36487 0.36158 0.36592 0.36179 0.40286 0.62467 0.94144 0.99044 0.98253 0.93573 0.75816 0.50808 0.41179 0.36789 0.38584 0.39126 0.34527
0.39124 0.38419 0.39546 0.38548 0.37010 0.36023 0.38223 0.37763 0.36654 0.37228 0.37393 0.36713 0.36471 0.41641 0.66217 0.72414 0.51507 0.40507 0.29228 0.09621 0.07353 0.11772 0.13868 0.15189 0.25527 0.53872 0.88285 0.96598 0.74678 0.50544 0.37649 0.36172 0.34541 0.37671 0.38167 0.37917 0.38483 0.36783 0.35014 0.35958 0.36449 0.36808 0.37536 0.36497 0.37408 0.36201 0.37829 0.37307 0.35232 0.37379 0.37752 0.41413 0.64901 0.94938 0.98308 0.99070 0.94696 0.79861 0.62675 0.50161 0.44682 0.42878 0.40576 0.38064
0.34627 0.36593 0.36800 0.37999 0.37561 0.38756 0.37937 0.39409 0.36374 0.37081 0.36533 0.36953 0.39680 0.51018 0.81022 0.79685 0.54281 0.43113 0.29113 0.13390 0.10571 0.15581 0.16362 0.17943 0.28165 0.55723 0.89693 0.96746 0.76575 0.52081 0.38137 0.35804 0.33135 0.36683 0.38963 0.38819 0.38434 0.34699 0.37104 0.38225 0.40516 0.38781 0.37318 0.37943 0.37268 0.35012 0.37615 0.37562 0.37073 0.36431 0.36857 0.39780 0.64821 0.93393 0.98439 0.98972 0.96154 0.84183 0.69927 0.57616 0.53920 0.55831 0.44034 0.42138
0.36228 0.37948 0.39237 0.37156 0.33957 0.36439 0.38309 0.39491 0.36763 0.38185 0.38239 0.38201 0.42012 0.55120 0.86761 0.89230 0.64794 0.47834 0.28043 0.12870 0.11939 0.14433 0.18737 0.23211 0.31695 0.56277 0.89418 0.94410 0.77623 0.52024 0.36121 0.33893 0.37773 0.35749 0.38015 0.39795 0.39779 0.39810 0.40214 0.39797 0.39343 0.37708 0.37935 0.35647 0.36637 0.36112 0.36367 0.36671 0.40328 0.38192 0.38165 0.40264 0.71697 0.96126 0.98150 0.97552 0.95239 0.86434 0.68633 0.57640 0.57296 0.55156 0.47209 0.41731
0.38630 0.39412 0.36699 0.37650 0.36571 0.36248 0.37520 0.39056 0.38622 0.37334 0.38764 0.40466 0.40227 0.53706 0.86380 0.95242 0.74847 0.52361 0.28827 0.14182 0.10904 0.15620 0.18049 0.26506 0.32819 0.58936 0.91138 0.95258 0.78332 0.53997 0.36471 0.33981 0.39195 0.39005 0.38904 0.40812 0.40220 0.36835 0.34904 0.34021 0.35272 0.35585 0.36341 0.36875 0.38969 0.40184 0.41232 0.39789 0.41245 0.38484 0.36968 0.41326 0.79807 0.97419 0.98056 0.97238 0.96098 0.89305 0.68159 0.58823 0.53300 0.47308 0.43313 0.39932
0.34776 0.33204 0.37364 0.39334 0.38276 0.38562 0.40070 0.35885 0.38400 0.36454 0.35337 0.34532 0.38616 0.54301 0.86806 0.96216 0.74723 0.52509 0.30211 0.14642 0.13688 0.14096 0.21581 0.29364 0.34487 0.61032 0.92531 0.93883 0.81675 0.65781 0.44860 0.36873 0.38452 0.38815 0.40528 0.44592 0.42149 0.38498 0.38357 0.36984 0.37685 0.38629 0.39594 0.37607 0.39609 0.40167 0.38574 0.36823 0.36201 0.37742 0.36228 0.43914 0.74208 0.95327 0.98366 0.97385 0.96270 0.92810 0.73194 0.55490 0.46993 0.42514 0.41239 0.37262
0.38280 0.39969 0.40204 0.39854 0.37198 0.38404 0.39604 0.38266 0.36286 0.36955 0.37690 0.37930 0.41236 0.57849 0.89715 0.96040 0.76868 0.52673 0.32060 0.15986 0.12337 0.15403 0.21157 0.31614 0.33948 0.60784 0.89237 0.90703 0.85314 0.75588 0.50463 0.34585 0.38271 0.39555 0.41606 0.42940 0.41282 0.40009 0.38604 0.36952 0.35030 0.37427 0.36944 0.37806 0.35333 0.37747 0.36436 0.36418 0.36421 0.37915 0.38108 0.43845 0.74375 0.94837 0.98266 0.97984 0.97506 0.92902 0.76630 0.52226 0.48566 0.47569 0.44484 0.44145
0.35311 0.39390 0.41228 0.40719 0.38547 0.36508 0.40098 0.41194 0.36170 0.37271 0.38459 0.35602 0.40189 0.59316 0.90003 0.95953 0.79690 0.58666 0.33481 0.16071 0.13058 0.15189 0.20785 0.26901 0.31218 0.61707 0.90311 0.92692 0.87386 0.76534 0.49153 0.38251 0.39181 0.37229 0.40678 0.40529 0.37210 0.34715 0.33571 0.33921 0.36886 0.37959 0.39562 0.39117 0.38125 0.38038 0.37444 0.39075 0.39129 0.38029 0.36871 0.45050 0.76109 0.94860 0.99188 0.99793 0.96186 0.90728 0.77141 0.56412 0.52165 0.49356 0.49282 0.47862
0.34590 0.37255 0.41527 0.39454 0.36307 0.36665 0.37446 0.36365 0.36693 0.35483 0.36019 0.34874 0.41069 0.61351 0.93712 0.96952 0.84272 0.72760 0.43799 0.20489 0.12971 0.21074 0.30222 0.31213 0.33332 0.65169 0.90175 0.93100 0.88454 0.74316 0.46971 0.38601 0.38756 0.37327 0.40981 0.39427 0.38689 0.36920 0.37923 0.38511 0.39949 0.40029 0.38013 0.39410 0.38585 0.36773 0.35668 0.34588 0.38583 0.37211 0.38923 0.45803 0.76495 0.95605 0.99556 0.98880 0.96087 0.86244 0.74686 0.61956 0.52145 0.50255 0.49099 0.51346
0.34778 0.35397 0.40454 0.37386 0.34978 0.36114 0.39517 0.35795 0.36579 0.37195 0.35819 0.37175 0.41111 0.64354 0.93785 0.96840 0.87870 0.79498 0.50692 0.27530 0.16826 0.30360 0.37264 0.36393 0.39196 0.66455 0.90353 0.93096 0.87046 0.72451 0.48205 0.38427 0.39998 0.41194 0.41367 0.40596 0.36310 0.35037 0.38575 0.37373 0.36732 0.35383 0.35937 0.38107 0.36985 0.36604 0.36151 0.35826 0.35787 0.36631 0.35855 0.41828 0.78774 0.96382 0.98747 0.99438 0.95852 0.86168 0.72137 0.61513 0.53985 0.49627 0.50848 0.51601
0.35607 0.34150 0.37852 0.37240 0.38344 0.39614 0.37582 0.36041 0.36788 0.38046 0.37692 0.36777 0.37912 0.62267 0.93074 0.96530 0.90989 0.77823 0.50853 0.28068 0.23227 0.33103 0.34615 0.37075 0.39413 0.65517 0.93003 0.95915 0.82500 0.71571 0.48099 0.38634 0.39659 0.39880 0.42940 0.41638 0.35765 0.35284 0.38648 0.37373 0.37361 0.36879 0.35562 0.37182 0.37563 0.38082 0.38690 0.37873 0.36099 0.36167 0.37624 0.44926 0.78558 0.95694 0.97418 0.98295 0.96887 0.88329 0.73420 0.61560 0.53757 0.51603 0.51507 0.50207
0.34738 0.36346 0.36922 0.36769 0.34711 0.37015 0.36846 0.37644 0.34717 0.37273 0.38309 0.37550 0.41843 0.62119 0.91546 0.96302 0.87364 0.76326 0.50237 0.31886 0.31126 0.36452 0.35825 0.36425 0.38279 0.69560 0.97810 0.95016 0.81776 0.74008 0.49426 0.39870 0.42369 0.42576 0.44855 0.45570 0.38366 0.36692 0.38947 0.40496 0.39774 0.38761 0.38916 0.37278 0.36232 0.37074 0.37447 0.36770 0.36549 0.36916 0.38832 0.44128 0.77236 0.96438 0.98345 0.97420 0.96742 0.90159 0.74699 0.59498 0.56172 0.53985 0.53189 0.51115
0.37864 0.36379 0.39517 0.38668 0.37827 0.37931 0.40689 0.39031 0.37765 0.36194 0.36058 0.39214 0.45913 0.65164 0.89097 0.95183 0.84810 0.77105 0.48454 0.32923 0.35200 0.36030 0.35526 0.35447 0.39104 0.73588 0.96472 0.93306 0.85211 0.77284 0.51218 0.37993 0.40287 0.43812 0.46091 0.44902 0.38378 0.35293 0.35405 0.34761 0.35345 0.36521 0.36429 0.35622 0.38700 0.39832 0.38077 0.39606 0.40291 0.38333 0.39275 0.40614 0.76565 0.96924 0.98303 0.98328 0.95794 0.91031 0.73439 0.62796 0.57071 0.54933 0.55099 0.52464
0.37597 0.37079 0.36390 0.37339 0.36817 0.38434 0.37489 0.36553 0.34934 0.34662 0.36367 0.39333 0.47582 0.64471 0.90903 0.96095 0.83283 0.81974 0.47514 0.31640 0.32368 0.35002 0.35661 0.37832 0.39920 0.78647 0.97548 0.95551 0.89079 0.77902 0.51416 0.39063 0.39077 0.43306 0.43991 0.41983 0.39407 0.35192 0.35726 0.36833 0.36567 0.36515 0.35850 0.38313 0.37973 0.35379 0.36329 0.36791 0.36864 0.35255 0.36773 0.39519 0.73698 0.94994 0.98236 0.98107 0.96293 0.86034 0.73993 0.64033 0.59287 0.59383 0.55558 0.51936
0.38623 0.38532 0.37311 0.36825 0.37352 0.39083 0.39922 0.37205 0.37246 0.37683 0.38146 0.40125 0.46397 0.68559 0.92090 0.95611 0.83848 0.80037 0.46337 0.33078 0.33614 0.35443 0.35666 0.35894 0.42905 0.74029 0.93577 0.92961 0.85861 0.78552 0.50462 0.40209 0.40785 0.43520 0.43758 0.41777 0.39211 0.37170 0.38925 0.39527 0.36625 0.37235 0.35736 0.38380 0.37020 0.34725 0.35796 0.34862 0.36194 0.36445 0.36441 0.41279 0.74618 0.95539 0.96943 0.96759 0.94588 0.84944 0.73885 0.63991 0.58060 0.58997 0.54891 0.51869
0.38675 0.37435 0.35748 0.37405 0.35448 0.39600 0.40144 0.37267 0.37063 0.38929 0.37325 0.41066 0.48762 0.73181 0.93548 0.95498 0.86567 0.78963 0.46071 0.31254 0.34471 0.36528 0.38633 0.37885 0.44310 0.74387 0.94666 0.94751 0.83626 0.77847 0.48876 0.40513 0.44437 0.48265 0.50132 0.48251 0.37769 0.37361 0.37925 0.35337 0.35153 0.36069 0.37833 0.37072 0.35664 0.36681 0.36124 0.36705 0.35035 0.35863 0.38338 0.45766 0.77266 0.94729 0.96975 0.98044 0.95773 0.85101 0.75266 0.63742 0.57988 0.57150 0.56455 0.54804
0.38140 0.37177 0.36823 0.36745 0.37044 0.41022 0.44088 0.37152 0.37125 0.39067 0.37728 0.41669 0.52835 0.73464 0.93183 0.95475 0.86019 0.81471 0.49670 0.35484 0.37162 0.38435 0.39168 0.36114 0.41989 0.76572 0.97668 0.95795 0.83835 0.77267 0.48926 0.40744 0.48370 0.54119 0.56357 0.54119 0.39869 0.36200 0.37640 0.37365 0.39415 0.36636 0.36695 0.37885 0.35621 0.36197 0.35445 0.35531 0.36068 0.36461 0.39608 0.46278 0.77016 0.95118 0.97580 0.98033 0.96670 0.83769 0.75415 0.64389 0.57383 0.59763 0.55364 0.54694
0.36838 0.36164 0.38011 0.36986 0.38412 0.41258 0.44171 0.37474 0.34863 0.38858 0.36777 0.41174 0.51483 0.75118 0.94891 0.94299 0.84767 0.77119 0.49444 0.35902 0.36473 0.37921 0.37500 0.36745 0.44978 0.78333 0.96589 0.95757 0.83415 0.78940 0.49555 0.42599 0.49451 0.56590 0.58489 0.51986 0.38894 0.38079 0.37596 0.38016 0.34524 0.34056 0.34692 0.36498 0.34888 0.36052 0.37795 0.37797 0.37500 0.37368 0.39347 0.44753 0.76848 0.95996 0.96200 0.97159 0.96255 0.84489 0.74842 0.64521 0.58562 0.55481 0.53826 0.52529
0.36631 0.36083 0.40754 0.37303 0.36242 0.37651 0.39685 0.39430 0.37172 0.37591 0.38324 0.40313 0.49696 0.73753 0.94174 0.94837 0.84563 0.75510 0.49429 0.36253 0.37637 0.39993 0.37349 0.39117 0.48597 0.79675 0.96755 0.95943 0.84071 0.79093 0.47567 0.46724 0.53734 0.56124 0.61551 0.50414 0.38247 0.36568 0.36734 0.37778 0.37158 0.38609 0.37465 0.38943 0.35053 0.37153 0.39654 0.38409 0.40148 0.38226 0.38049 0.45100 0.80664 0.96153 0.96633 0.94383 0.93224 0.84516 0.74792 0.62791 0.57861 0.55909 0.54189 0.49597
0.35815 0.36699 0.38883 0.36541 0.37615 0.39689 0.37880 0.36669 0.35900 0.38616 0.40544 0.43392 0.49884 0.74413 0.94946 0.94787 0.87287 0.76765 0.50395 0.36512 0.38715 0.41853 0.39893 0.39343 0.52326 0.80704 0.96667 0.96655 0.84841 0.80017 0.46707 0.49318 0.54539 0.56972 0.58162 0.51852 0.40022 0.36170 0.38454 0.36867 0.38501 0.34057 0.36900 0.39411 0.37850 0.36192 0.35002 0.37137 0.37387 0.37544 0.38903 0.47565 0.81086 0.96133 0.97320 0.96452 0.91988 0.83935 0.73066 0.63950 0.58809 0.56239 0.53679 0.51426
0.36605 0.38478 0.39197 0.39807 0.37777 0.41404 0.40977 0.37752 0.35797 0.39974 0.38429 0.41605 0.50373 0.77117 0.93495 0.95709 0.90032 0.78346 0.50592 0.37718 0.39013 0.41204 0.42120 0.43400 0.54365 0.81887 0.93561 0.95328 0.87202 0.79041 0.46595 0.50585 0.56761 0.57731 0.59055 0.51680 0.39045 0.36902 0.37877 0.37640 0.37432 0.35801 0.35637 0.33528 0.36515 0.37732 0.38435 0.37930 0.37550 0.36541 0.37313 0.49170 0.81919 0.96255 0.98410 0.97477 0.93855 0.84027 0.75826 0.63132 0.59459 0.58206 0.55379 0.51562
0.39356 0.35967 0.35624 0.37875 0.34374 0.42590 0.40720 0.35850 0.35118 0.36864 0.36836 0.40182 0.52252 0.80000 0.94871 0.96143 0.91449 0.76845 0.49922 0.38033 0.42194 0.45189 0.42571 0.45948 0.53456 0.83808 0.94154 0.94139 0.87660 0.78539 0.47973 0.54527 0.57486 0.58233 0.57345 0.52572 0.36955 0.35791 0.34813 0.36045 0.36104 0.34255 0.34525 0.35526 0.37509 0.37683 0.38794 0.35304 0.36408 0.35435 0.38388 0.51076 0.81799 0.96471 0.99293 0.98503 0.95309 0.85019 0.76477 0.66492 0.59929 0.60246 0.56950 0.54692
0.34937 0.36799 0.39191 0.37464 0.39251 0.40152 0.36855 0.36579 0.36147 0.37877 0.38984 0.40773 0.51501 0.80940 0.95415 0.96066 0.88626 0.77767 0.49097 0.38469 0.43402 0.44447 0.40846 0.47063 0.52554 0.85913 0.94592 0.95074 0.86070 0.75475 0.47601 0.49803 0.55243 0.58807 0.61260 0.56191 0.42961 0.36220 0.35207 0.36220 0.38205 0.35851 0.35363 0.35847 0.37622 0.37151 0.37548 0.37440 0.38442 0.37872 0.40040 0.51629 0.82818 0.95979 0.97740 0.97700 0.94524 0.81449 0.74616 0.63379 0.58182 0.56042 0.57979 0.57712
0.36608 0.40073 0.39239 0.35400 0.37740 0.40289 0.39164 0.35439 0.34645 0.34217 0.37355 0.36749 0.47456 0.79074 0.93880 0.95473 0.87729 0.77517 0.49341 0.34701 0.40508 0.43996 0.44705 0.46442 0.51245 0.84560 0.94625 0.96842 0.87488 0.77038 0.51602 0.52963 0.61416 0.67786 0.70270 0.64368 0.47614 0.37415 0.35817 0.36342 0.36933 0.36430 0.37447 0.35810 0.38153 0.40277 0.39492 0.38527 0.38083 0.39563 0.42685 0.52891 0.85506 0.97038 0.97036 0.96259 0.92340 0.77613 0.69741 0.60841 0.56140 0.54869 0.57759 0.57822
0.36124 0.36206 0.37098 0.36168 0.36454 0.38491 0.38425 0.36678 0.36125 0.36067 0.37348 0.42697 0.49874 0.79025 0.94360 0.95057 0.88704 0.75220 0.49270 0.39758 0.42906 0.48720 0.47402 0.47315 0.52755 0.85114 0.94205 0.97153 0.92276 0.85699 0.69335 0.68728 0.76238 0.84608 0.85702 0.74579 0.47984 0.38523 0.38210 0.37301 0.37258 0.37447 0.37603 0.39356 0.38318 0.39070 0.38021 0.37550 0.36805 0.36738 0.39126 0.51942 0.85256 0.97277 0.98514 0.95252 0.93019 0.77319 0.66557 0.60375 0.58425 0.56653 0.56624 0.56018
0.37276 0.38399 0.37936 0.36346 0.37701 0.40200 0.40154 0.35095 0.33565 0.34090 0.35220 0.41425 0.52989 0.78908 0.93596 0.94854 0.88421 0.76246 0.50908 0.46786 0.50576 0.52985 0.54588 0.55273 0.71150 0.93040 0.96742 0.97467 0.95167 0.92815 0.88254 0.89367 0.92675 0.90974 0.87931 0.74839 0.45624 0.37202 0.38148 0.38257 0.36699 0.34753 0.34883 0.34351 0.35176 0.36428 0.36586 0.36148 0.35562 0.36969 0.38048 0.50269 0.84268 0.98491 0.97017 0.96915 0.93673 0.78227 0.66898 0.61020 0.57225 0.56547 0.55325 0.53758
0.36064 0.37492 0.36902 0.32911 0.35631 0.40376 0.37753 0.33931 0.34354 0.34953 0.35477 0.39786 0.53499 0.79864 0.94076 0.95130 0.92593 0.83653 0.64367 0.57267 0.60700 0.67566 0.74626 0.82013 0.89583 0.93377 0.95892 0.96348 0.94848 0.91716 0.90780 0.91614 0.93069 0.89020 0.83156 0.69030 0.42757 0.37062 0.39507 0.35444 0.35569 0.36820 0.36933 0.36767 0.36041 0.36399 0.36968 0.36801 0.34459 0.36435 0.36059 0.50674 0.84987 0.95966 0.94803 0.96183 0.92799 0.79462 0.67286 0.59681 0.58348 0.56635 0.56198 0.48731
0.35146 0.37417 0.38492 0.35584 0.38852 0.40791 0.40314 0.36496 0.33952 0.35205 0.35653 0.40580 0.53922 0.81693 0.94063 0.96501 0.96792 0.92695 0.81953 0.83737 0.87838 0.91397 0.91840 0.90526 0.92746 0.93352 0.93045 0.89548 0.89872 0.89574 0.87766 0.87455 0.86812 0.85383 0.78548 0.66695 0.45866 0.37137 0.37599 0.36476 0.37217 0.37159 0.38018 0.38305 0.34421 0.34839 0.34550 0.35700 0.35346 0.33958 0.37129 0.51761 0.86176 0.94533 0.95674 0.96612 0.94053 0.79726 0.68309 0.60581 0.58583 0.58047 0.55816 0.52118
0.38266 0.39051 0.39725 0.36959 0.37828 0.40717 0.39074 0.37364 0.32217 0.33557 0.34593 0.42366 0.55034 0.82702 0.92242 0.95259 0.94646 0.94600 0.90518 0.91630 0.93130 0.93613 0.91065 0.87235 0.87803 0.87996 0.87675 0.85693 0.83223 0.83606 0.83927 0.79413 0.75923 0.75078 0.72229 0.61662 0.49129 0.38504 0.36918 0.34671 0.35250 0.33117 0.35638 0.35815 0.35219 0.35138 0.36299 0.36058 0.37959 0.38228 0.37428 0.52768 0.85909 0.97330 0.97048 0.96473 0.94157 0.79804 0.69273 0.62633 0.56976 0.57068 0.56088 0.56415
0.33947 0.35662 0.34768 0.34482 0.35340 0.37503 0.39150 0.34699 0.33872 0.34370 0.37104 0.42739 0.57660 0.84475 0.91593 0.91703 0.90222 0.89549 0.86452 0.87709 0.89477 0.89264 0.88052 0.83241 0.83539 0.85315 0.89452 0.88283 0.77169 0.73482 0.73142 0.69465 0.61097 0.54885 0.54180 0.53924 0.44874 0.37027 0.36169 0.34942 0.35370 0.35632 0.37405 0.38094 0.36094 0.38070 0.36756 0.37255 0.38500 0.35561 0.39320 0.52074 0.87344 0.97262 0.97835 0.96351 0.91859 0.81644 0.69114 0.60740 0.58903 0.57124 0.53528 0.53416