0.44028 0.36853 0.33632 0.34435 0.35432 0.35292 0.34351 0.36316 0.37032 0.36070 0.34462 0.36485 0.36532 0.39068 0.38950 0.37696 0.37388 0.38985 0.39611 0.37708 0.34677 0.34096 0.28881 0.17317 0.15891 0.14346 0.13367 0.12975 0.12462 0.14203 0.14023 0.12331 0.12174 0.10710 0.11399 0.13657 0.15462 0.12947 0.12972 0.12706 0.10505 0.10590 0.11821 0.13130 0.13060 0.11796 0.08806 0.09653 0.10908 0.11441 0.10631 0.10841 0.12571 0.10141 0.10971 0.10639 0.09158 0.06450 0.10827 0.09155 0.09260 0.06659 0.06760 0.06306
0.45025 0.38784 0.34700 0.36675 0.38224 0.34827 0.36926 0.39883 0.38639 0.38621 0.38415 0.39336 0.38550 0.38332 0.40325 0.38834 0.37132 0.37468 0.38270 0.38057 0.36021 0.36327 0.35765 0.27969 0.18209 0.15075 0.14268 0.13522 0.12119 0.11969 0.11312 0.13288 0.10845 0.11334 0.11735 0.13116 0.12571 0.13115 0.13459 0.11354 0.12519 0.13370 0.13180 0.13993 0.12975 0.10237 0.10535 0.08353 0.10530 0.10722 0.08816 0.09765 0.11269 0.10179 0.11981 0.10234 0.09311 0.08288 0.10844 0.07371 0.09335 0.06819 0.05399 0.06806
0.36851 0.37087 0.35263 0.34106 0.35018 0.34904 0.38400 0.37524 0.36890 0.37298 0.38522 0.37663 0.38531 0.38842 0.38465 0.36640 0.38011 0.37543 0.39903 0.38030 0.37736 0.38289 0.38948 0.33933 0.30764 0.23028 0.18371 0.13513 0.12505 0.13454 0.14095 0.14350 0.13034 0.12290 0.13612 0.11459 0.12458 0.14162 0.13342 0.14682 0.12338 0.13209 0.13062 0.14567 0.13998 0.12778 0.09739 0.11045 0.12181 0.10422 0.06932 0.08430 0.10999 0.09936 0.09138 0.09537 0.08772 0.10170 0.06845 0.07532 0.08268 0.06804 0.06340 0.07452
0.36275 0.34412 0.35948 0.37093 0.37020 0.34416 0.37983 0.37560 0.37345 0.37493 0.37413 0.35568 0.36657 0.38095 0.37120 0.35499 0.35812 0.40060 0.36756 0.35362 0.37293 0.38141 0.37748 0.38247 0.38808 0.33611 0.24905 0.17897 0.14906 0.13739 0.14502 0.14939 0.14626 0.14071 0.14188 0.12107 0.14036 0.11872 0.12713 0.12629 0.14553 0.13114 0.12743 0.12141 0.13596 0.12726 0.12827 0.13252 0.13532 0.12019 0.07109 0.08032 0.09091 0.08925 0.10406 0.11913 0.09155 0.08310 0.07117 0.06111 0.06442 0.07208 0.07837 0.07060
0.36965 0.35566 0.36460 0.39418 0.39390 0.36530 0.37705 0.37602 0.37979 0.36963 0.37663 0.36927 0.36056 0.36789 0.37068 0.35595 0.36993 0.38508 0.37932 0.39918 0.39890 0.40116 0.39704 0.38672 0.35780 0.35904 0.34487 0.30753 0.26706 0.23680 0.19700 0.15105 0.14342 0.13874 0.12217 0.12751 0.10452 0.12463 0.13216 0.13108 0.13358 0.14959 0.13230 0.13282 0.15863 0.11927 0.12921 0.12123 0.13461 0.12835 0.10924 0.10286 0.07956 0.08771 0.09478 0.10236 0.08124 0.06832 0.06137 0.06502 0.06535 0.06280 0.06376 0.07519
0.36776 0.33749 0.35614 0.36537 0.37648 0.36568 0.37130 0.37408 0.34591 0.34732 0.35385 0.35493 0.37829 0.37653 0.37403 0.37942 0.38183 0.38187 0.35146 0.36715 0.37470 0.37377 0.37828 0.36516 0.37896 0.38595 0.38033 0.39791 0.39330 0.37450 0.31387 0.24878 0.18331 0.15791 0.14674 0.12245 0.13289 0.14059 0.11245 0.11794 0.13517 0.13789 0.13614 0.14949 0.12371 0.12611 0.13209 0.13486 0.11832 0.11235 0.11383 0.13185 0.10765 0.11285 0.09531 0.12492 0.10255 0.09122 0.07508 0.08630 0.06636 0.07596 0.07342 0.07535
0.40146 0.37166 0.35134 0.38074 0.38902 0.36467 0.37639 0.38342 0.37175 0.38015 0.36487 0.37577 0.38511 0.38166 0.37918 0.38817 0.36705 0.36536 0.37987 0.38556 0.38414 0.37865 0.36586 0.35956 0.40875 0.38007 0.36746 0.35988 0.36462 0.37862 0.35451 0.34988 0.30935 0.21038 0.15616 0.14137 0.15075 0.13512 0.13840 0.11900 0.13449 0.12175 0.13927 0.12492 0.14560 0.13946 0.13390 0.12221 0.12043 0.13260 0.10681 0.11547 0.10390 0.10800 0.11688 0.14158 0.12224 0.10335 0.10877 0.09636 0.07237 0.09206 0.07644 0.07696
0.38347 0.37382 0.34879 0.37094 0.36715 0.36691 0.37008 0.40123 0.38075 0.37831 0.36112 0.35532 0.37778 0.36613 0.36695 0.36895 0.35477 0.38010 0.39049 0.38007 0.36351 0.36234 0.35704 0.36226 0.37586 0.38531 0.38539 0.38377 0.39426 0.40669 0.39814 0.38307 0.37934 0.32769 0.21236 0.16749 0.14636 0.15168 0.15042 0.13199 0.12401 0.13221 0.13303 0.12394 0.11900 0.11639 0.13731 0.12611 0.13372 0.12166 0.11395 0.12735 0.06715 0.10837 0.11032 0.10362 0.10779 0.10282 0.11018 0.11309 0.10359 0.12510 0.10144 0.07592
0.37955 0.37980 0.37266 0.37391 0.35955 0.34165 0.35874 0.40620 0.36744 0.36900 0.36970 0.39941 0.37695 0.38103 0.38042 0.38691 0.38326 0.36835 0.38261 0.37314 0.37724 0.37441 0.36970 0.37108 0.37042 0.37994 0.37771 0.36351 0.36970 0.37926 0.38619 0.37029 0.40606 0.38709 0.33546 0.26587 0.20271 0.17422 0.14476 0.13303 0.12596 0.13848 0.12968 0.12391 0.12358 0.13610 0.11883 0.12183 0.13327 0.13565 0.12360 0.12520 0.10947 0.11254 0.11466 0.10596 0.14797 0.12648 0.11404 0.10478 0.11209 0.12021 0.11031 0.09278
0.35925 0.35703 0.37616 0.38296 0.38189 0.36336 0.38358 0.40290 0.39233 0.38542 0.37628 0.37177 0.38302 0.36821 0.33263 0.35547 0.36677 0.37325 0.39104 0.38786 0.37626 0.36901 0.37912 0.36298 0.37362 0.38659 0.37556 0.37513 0.38187 0.36790 0.37763 0.38768 0.41034 0.39328 0.38739 0.33157 0.30768 0.24361 0.18433 0.15684 0.13471 0.13814 0.15624 0.12771 0.13272 0.12926 0.13650 0.13855 0.13049 0.13004 0.12452 0.13131 0.12213 0.10521 0.11989 0.14127 0.12611 0.10417 0.09322 0.09004 0.10357 0.11700 0.10724 0.08957
0.37679 0.34520 0.35785 0.37740 0.36311 0.36193 0.39018 0.38490 0.38082 0.37627 0.35722 0.35860 0.38184 0.39145 0.39285 0.38530 0.40103 0.39835 0.41005 0.37414 0.38072 0.37261 0.36644 0.37602 0.39012 0.39862 0.38637 0.38652 0.39089 0.40265 0.37710 0.36836 0.38491 0.38017 0.37664 0.37143 0.38960 0.38457 0.35593 0.28715 0.18752 0.16338 0.14643 0.12896 0.14082 0.12496 0.12559 0.12320 0.14937 0.14208 0.13467 0.13443 0.11598 0.11192 0.11876 0.12171 0.12887 0.11808 0.10420 0.10355 0.09569 0.11729 0.10759 0.11375
0.41612 0.37895 0.36665 0.36778 0.39372 0.37293 0.37924 0.39989 0.39686 0.37087 0.37397 0.39098 0.39155 0.38819 0.40059 0.38845 0.37936 0.39009 0.36811 0.37600 0.35611 0.37088 0.38016 0.37117 0.38704 0.38035 0.38416 0.36091 0.38312 0.37296 0.36759 0.36835 0.36352 0.38629 0.40329 0.40755 0.40508 0.38242 0.37464 0.36212 0.32864 0.27160 0.19918 0.16422 0.14426 0.14913 0.16119 0.12866 0.13773 0.13508 0.12369 0.11611 0.12577 0.10587 0.09346 0.12423 0.11916 0.11486 0.13050 0.11936 0.12510 0.10912 0.10150 0.10619
0.41416 0.38962 0.36425 0.36319 0.37829 0.36931 0.37902 0.38898 0.36571 0.37601 0.39765 0.38894 0.38051 0.37695 0.39255 0.38400 0.39253 0.38500 0.37443 0.38251 0.36707 0.36250 0.35761 0.35412 0.34858 0.37757 0.37184 0.35467 0.38165 0.37632 0.39756 0.39417 0.37698 0.37967 0.37687 0.39106 0.37690 0.37790 0.37160 0.36841 0.38961 0.37010 0.32470 0.26888 0.17842 0.15013 0.14244 0.12424 0.13172 0.13096 0.11992 0.12759 0.11578 0.12511 0.12650 0.13971 0.11472 0.10851 0.13660 0.14274 0.11236 0.12973 0.11799 0.12798
0.37921 0.37855 0.37169 0.36341 0.36511 0.37238 0.37319 0.36666 0.36490 0.35264 0.38055 0.38589 0.36140 0.35723 0.36533 0.37702 0.38613 0.39298 0.37132 0.38632 0.37662 0.36678 0.37807 0.36583 0.37428 0.37251 0.38022 0.37008 0.38794 0.37606 0.37998 0.39085 0.36049 0.34106 0.36633 0.37002 0.37456 0.38250 0.39533 0.41423 0.39083 0.37563 0.36861 0.37309 0.32846 0.25276 0.18154 0.15133 0.13459 0.13285 0.12635 0.09888 0.12511 0.13219 0.14090 0.11480 0.10144 0.11230 0.11778 0.12062 0.11707 0.12761 0.12830 0.12371
0.37408 0.38244 0.37654 0.38164 0.39444 0.39225 0.39508 0.40961 0.39393 0.37328 0.37191 0.38206 0.38160 0.36057 0.34943 0.34513 0.37224 0.36489 0.36255 0.36605 0.41109 0.39721 0.37465 0.38047 0.37095 0.37076 0.37040 0.38624 0.38125 0.37635 0.36305 0.36888 0.39138 0.38580 0.37672 0.38223 0.38943 0.39795 0.38168 0.39825 0.39554 0.39183 0.40081 0.38867 0.39946 0.35596 0.27272 0.18645 0.15444 0.12619 0.11722 0.11847 0.11689 0.13057 0.12551 0.13875 0.10750 0.11788 0.12656 0.12615 0.11956 0.11404 0.13893 0.13679
0.33806 0.36828 0.35291 0.37556 0.38581 0.37746 0.38946 0.40562 0.36913 0.37150 0.36203 0.36037 0.36965 0.37169 0.37470 0.36752 0.38599 0.36098 0.36590 0.36347 0.40008 0.37967 0.39479 0.36837 0.37180 0.36467 0.36024 0.36572 0.38434 0.37678 0.37880 0.38126 0.39450 0.38036 0.37336 0.35373 0.38155 0.38890 0.40798 0.38520 0.38509 0.39891 0.40186 0.38284 0.36129 0.34933 0.33281 0.31984 0.25829 0.18082 0.15169 0.14093 0.11981 0.12113 0.12458 0.15323 0.11273 0.11003 0.12571 0.12229 0.11545 0.11794 0.13018 0.14868
0.39803 0.38413 0.37054 0.38740 0.37160 0.38077 0.35832 0.34905 0.36466 0.38283 0.36538 0.37014 0.36057 0.38263 0.36766 0.35546 0.35524 0.38768 0.37927 0.37727 0.34607 0.36911 0.35467 0.37171 0.37638 0.36452 0.36891 0.37059 0.35103 0.36302 0.35322 0.36308 0.36389 0.36669 0.38317 0.39167 0.39892 0.39851 0.39310 0.39702 0.37742 0.37838 0.36842 0.37912 0.37720 0.38172 0.37308 0.39627 0.37536 0.30058 0.25760 0.20857 0.15474 0.14861 0.15378 0.14901 0.12632 0.14268 0.14696 0.13093 0.14581 0.16123 0.16952 0.19454
0.39273 0.36702 0.37678 0.37301 0.38217 0.38146 0.40063 0.40136 0.39350 0.36455 0.38541 0.36238 0.35288 0.35835 0.39604 0.37335 0.39631 0.40824 0.39303 0.39685 0.37742 0.38644 0.37804 0.35981 0.36636 0.36793 0.37060 0.37281 0.37288 0.36878 0.36432 0.38446 0.36919 0.36988 0.37622 0.33712 0.35155 0.36372 0.36795 0.36451 0.38391 0.37217 0.37618 0.40621 0.36608 0.36584 0.36409 0.36315 0.33982 0.36852 0.36259 0.30935 0.24000 0.18291 0.15644 0.14530 0.15729 0.16682 0.16545 0.16829 0.16865 0.27446 0.34979 0.40196
0.35787 0.36283 0.35576 0.35902 0.33963 0.35179 0.36211 0.35056 0.36200 0.38133 0.37160 0.37266 0.37081 0.37927 0.39474 0.37927 0.39970 0.37503 0.36084 0.36602 0.37697 0.37606 0.38468 0.38862 0.39881 0.38437 0.39613 0.37978 0.37470 0.37955 0.34888 0.35641 0.35622 0.36442 0.38165 0.38130 0.39607 0.39108 0.38933 0.37253 0.36350 0.38001 0.38819 0.36316 0.34470 0.34291 0.35248 0.35742 0.36870 0.40242 0.41675 0.38281 0.33316 0.25064 0.21987 0.23320 0.19992 0.24971 0.30360 0.35640 0.40693 0.41694 0.47055 0.44329
0.38795 0.36235 0.38621 0.38958 0.38946 0.37211 0.37878 0.40086 0.37640 0.36848 0.36528 0.38530 0.38567 0.36146 0.36498 0.36397 0.35533 0.37254 0.39934 0.40686 0.39716 0.36036 0.35767 0.37552 0.38517 0.37253 0.36633 0.36859 0.36984 0.35516 0.35848 0.37313 0.38575 0.37165 0.38817 0.38076 0.37949 0.37004 0.35634 0.34644 0.33972 0.37272 0.37882 0.38166 0.35772 0.36367 0.36141 0.35575 0.38005 0.36058 0.35417 0.33509 0.31144 0.30784 0.31562 0.37429 0.41508 0.40231 0.40760 0.45171 0.44422 0.47519 0.51438 0.53022
0.36044 0.38154 0.38039 0.37984 0.36232 0.38374 0.39257 0.39987 0.39718 0.38449 0.37131 0.39635 0.38358 0.36804 0.39472 0.39285 0.38580 0.38721 0.38924 0.36692 0.35739 0.36300 0.38689 0.39759 0.39482 0.37220 0.37047 0.36732 0.37862 0.37624 0.37793 0.37091 0.37870 0.37209 0.36138 0.36748 0.37677 0.36785 0.36343 0.37634 0.39311 0.40916 0.39075 0.39647 0.38077 0.36134 0.36839 0.36123 0.38665 0.37443 0.36290 0.30015 0.28115 0.32637 0.37031 0.46917 0.42756 0.43723 0.44066 0.48763 0.51785 0.52531 0.53993 0.55909
0.36501 0.36682 0.37247 0.36910 0.37808 0.37363 0.36330 0.38496 0.34490 0.37905 0.35743 0.37028 0.38088 0.36410 0.38304 0.38000 0.36363 0.38783 0.37826 0.35796 0.35691 0.35455 0.36706 0.38343 0.41073 0.39252 0.39060 0.38391 0.38116 0.37348 0.35038 0.37704 0.37385 0.36808 0.36940 0.38504 0.39757 0.38748 0.39248 0.40161 0.39857 0.37791 0.36899 0.36957 0.37351 0.36868 0.37803 0.36516 0.37734 0.38021 0.36742 0.27995 0.27403 0.34143 0.41712 0.50209 0.53836 0.53651 0.52729 0.53277 0.54219 0.52284 0.48673 0.44347
0.39913 0.38184 0.36869 0.38157 0.36758 0.35697 0.37079 0.37990 0.39352 0.39747 0.39629 0.37556 0.35045 0.35119 0.37792 0.33827 0.36882 0.37611 0.38639 0.38684 0.42000 0.36947 0.36556 0.38309 0.37818 0.37362 0.36304 0.35492 0.35377 0.38301 0.37321 0.36367 0.38157 0.38372 0.37577 0.37990 0.36996 0.37671 0.36880 0.36573 0.36785 0.37651 0.40181 0.39664 0.38883 0.39309 0.38915 0.36627 0.35508 0.34110 0.35378 0.31358 0.25584 0.40495 0.51931 0.55657 0.56763 0.51891 0.43903 0.41922 0.41618 0.41444 0.40335 0.39417
0.38049 0.35585 0.36361 0.36987 0.35671 0.35741 0.37337 0.38793 0.38411 0.38309 0.35939 0.35180 0.37625 0.35563 0.37398 0.39588 0.38449 0.38193 0.38668 0.39325 0.38896 0.36672 0.35832 0.37429 0.37497 0.34938 0.35090 0.37253 0.36342 0.37502 0.36055 0.36268 0.35486 0.36886 0.35127 0.36873 0.36577 0.37142 0.37580 0.38313 0.40516 0.40292 0.39312 0.38327 0.37475 0.35495 0.35121 0.34015 0.36674 0.35261 0.35781 0.33403 0.29682 0.49956 0.61013 0.54917 0.53647 0.46660 0.37542 0.37799 0.38097 0.36998 0.36319 0.35378
0.34616 0.34780 0.35881 0.37310 0.36093 0.34445 0.36019 0.39741 0.38173 0.39575 0.39685 0.40031 0.39637 0.35707 0.36048 0.36424 0.35979 0.34518 0.34590 0.36690 0.37679 0.38223 0.37129 0.36580 0.36837 0.37479 0.38397 0.37818 0.37778 0.35961 0.35985 0.37558 0.37877 0.36159 0.34537 0.35964 0.39313 0.38656 0.39050 0.39197 0.38252 0.36497 0.36668 0.37359 0.37763 0.36931 0.37572 0.37087 0.38414 0.39580 0.38608 0.36037 0.33094 0.55755 0.69919 0.61959 0.55995 0.48550 0.30239 0.28967 0.27397 0.28874 0.31690 0.33414
0.36492 0.35663 0.37298 0.37688 0.37996 0.40301 0.40822 0.40043 0.38480 0.38098 0.37021 0.38542 0.37637 0.36179 0.35527 0.38136 0.39247 0.39916 0.38642 0.37847 0.39677 0.38060 0.38116 0.34867 0.37578 0.35994 0.36790 0.37010 0.36466 0.38594 0.39914 0.35616 0.36853 0.38202 0.36808 0.39561 0.37630 0.38893 0.37885 0.38017 0.38639 0.38169 0.38321 0.37989 0.38443 0.37584 0.33982 0.31370 0.35043 0.35191 0.35813 0.33366 0.36619 0.68603 0.78223 0.66758 0.63411 0.52315 0.27162 0.22010 0.21468 0.25893 0.29843 0.31841
0.34039 0.35176 0.35390 0.39211 0.37830 0.39762 0.36954 0.36330 0.33608 0.36361 0.35438 0.35595 0.35049 0.37221 0.39275 0.40286 0.37626 0.38260 0.37504 0.36995 0.35199 0.35330 0.35744 0.37015 0.36617 0.36043 0.35354 0.36451 0.39619 0.41117 0.41127 0.40204 0.41982 0.44924 0.43863 0.41203 0.38834 0.38846 0.37565 0.40369 0.39047 0.37003 0.37861 0.37166 0.34384 0.36547 0.36040 0.35627 0.36214 0.37792 0.36938 0.35789 0.41068 0.80695 0.87058 0.69669 0.67428 0.52551 0.28074 0.23701 0.23307 0.27447 0.32530 0.35376
0.38568 0.37417 0.34994 0.36162 0.36507 0.38243 0.36265 0.37221 0.36930 0.37174 0.36792 0.37016 0.34667 0.39775 0.37719 0.36458 0.36866 0.36436 0.38023 0.38592 0.35436 0.35378 0.35693 0.34966 0.38484 0.36235 0.39142 0.40897 0.40539 0.40371 0.41923 0.40287 0.43527 0.43810 0.39824 0.38575 0.38448 0.36192 0.38360 0.38408 0.39020 0.36868 0.36918 0.37231 0.37375 0.36778 0.37366 0.36116 0.37164 0.38353 0.38530 0.37212 0.47377 0.86656 0.95608 0.74666 0.70543 0.51329 0.31848 0.29617 0.27877 0.30421 0.33109 0.35482
0.37006 0.34520 0.36931 0.36942 0.36825 0.37887 0.37723 0.40263 0.39245 0.38706 0.36798 0.36231 0.29501 0.29318 0.32791 0.36645 0.37629 0.37712 0.36758 0.37280 0.38527 0.39260 0.40954 0.39721 0.41093 0.43308 0.48828 0.50525 0.42840 0.39766 0.37913 0.34783 0.36652 0.37224 0.33138 0.35544 0.36414 0.36138 0.36909 0.37767 0.36948 0.35961 0.36973 0.37313 0.37953 0.36974 0.38704 0.36374 0.35667 0.35591 0.35446 0.38826 0.52424 0.85573 0.98293 0.80303 0.75119 0.51419 0.33124 0.33738 0.33184 0.32259 0.33748 0.35929
0.37763 0.36410 0.35344 0.36698 0.36600 0.36325 0.38921 0.38750 0.37315 0.38292 0.38234 0.35008 0.19553 0.17347 0.27132 0.35499 0.37490 0.37557 0.38921 0.41007 0.41910 0.41937 0.45255 0.39909 0.39605 0.42332 0.58600 0.58491 0.45195 0.35116 0.33422 0.31317 0.36530 0.35812 0.34608 0.37223 0.38408 0.36899 0.36701 0.36408 0.36980 0.35914 0.33761 0.34200 0.35438 0.36053 0.36988 0.40102 0.39591 0.38024 0.37977 0.39692 0.58654 0.93387 0.96737 0.84932 0.78683 0.52912 0.37637 0.36167 0.34485 0.33631 0.34266 0.35875
0.36052 0.37726 0.39479 0.40751 0.38574 0.38562 0.41645 0.41706 0.39801 0.38854 0.38261 0.34202 0.21642 0.19825 0.29635 0.40061 0.41546 0.40541 0.38866 0.40185 0.41807 0.41888 0.36356 0.26443 0.24427 0.27035 0.66314 0.66118 0.49434 0.33175 0.32131 0.29294 0.32603 0.33499 0.34852 0.37166 0.38864 0.35639 0.36467 0.34782 0.35300 0.36346 0.35289 0.36929 0.38438 0.38384 0.36542 0.39839 0.36773 0.38458 0.37376 0.41501 0.64008 0.90786 0.97189 0.90540 0.80187 0.56801 0.39351 0.38852 0.37891 0.36940 0.37245 0.38704
0.33356 0.33039 0.37595 0.39195 0.36668 0.38742 0.40060 0.37942 0.38382 0.35206 0.36609 0.36733 0.31132 0.18983 0.37663 0.43993 0.39486 0.34495 0.27174 0.24063 0.21659 0.17624 0.12353 0.05546 0.05013 0.26312 0.66854 0.69798 0.49734 0.34348 0.30986 0.29292 0.34665 0.36846 0.36944 0.37179 0.36989 0.35971 0.36482 0.37786 0.38811 0.38617 0.37535 0.37789 0.37642 0.38678 0.34903 0.35065 0.36798 0.36474 0.38872 0.42458 0.64717 0.90364 0.96659 0.95408 0.84296 0.64072 0.44683 0.42512 0.38341 0.37333 0.37046 0.37487
0.36445 0.38939 0.36997 0.36695 0.36755 0.36491 0.38447 0.37447 0.39045 0.40896 0.39651 0.40997 0.36608 0.36083 0.43974 0.54544 0.42993 0.31869 0.15463 0.12335 0.07799 0.06783 0.07917 0.08576 0.07275 0.30458 0.68480 0.72315 0.50416 0.36590 0.30874 0.27826 0.34649 0.37094 0.37553 0.37895 0.37517 0.36802 0.37865 0.37397 0.35149 0.33021 0.34993 0.33234 0.35392 0.37061 0.37182 0.35780 0.35086 0.36071 0.39922 0.41169 0.64743 0.92021 0.96655 0.97021 0.89378 0.69120 0.46255 0.46366 0.38437 0.39174 0.38951 0.37732
0.36404 0.35947 0.35168 0.35958 0.35155 0.36371 0.39422 0.39024 0.35240 0.35666 0.36552 0.37077 0.37888 0.35929 0.52275 0.64772 0.49019 0.32497 0.19887 0.11870 0.05771 0.05132 0.07435 0.11799 0.14068 0.35599 0.74919 0.77555 0.55394 0.40836 0.31168 0.27698 0.32611 0.35918 0.38062 0.36698 0.36529 0.36283 0.35542 0.35613 0.36213 0.36581 0.36237 0.36489 0.36751 0.37045 0.36290 0.36031 0.33476 0.33169 0.35777 0.39058 0.62806 0.92839 0.98626 0.98395 0.92122 0.72046 0.46810 0.46824 0.36860 0.37710 0.36472 0.36634
0.37010 0.34689 0.33624 0.35496 0.34453 0.37669 0.38344 0.38519 0.35745 0.35930 0.35959 0.37694 0.37619 0.36538 0.55031 0.69995 0.49365 0.39695 0.26211 0.09410 0.05121 0.06776 0.11979 0.16161 0.18690 0.46004 0.84848 0.90097 0.65699 0.47747 0.32936 0.33192 0.33644 0.36037 0.38222 0.39480 0.38751 0.40239 0.38762 0.38470 0.39666 0.36276 0.37111 0.38190 0.36160 0.35468 0.36075 0.36535 0.36292 0.36757 0.35940 0.40394 0.62590 0.94822 0.99255 0.98762 0.92175 0.75192 0.50504 0.45846 0.37500 0.38807 0.39115 0.34745
0.39266 0.38585 0.39637 0.38541 0.37129 0.36029 0.38255 0.37747 0.36761 0.37297 0.37436 0.36750 0.36616 0.39810 0.68163 0.74538 0.51346 0.43700 0.27297 0.09699 0.07825 0.11715 0.13777 0.20067 0.21202 0.53416 0.90571 1.00034 0.73783 0.51622 0.35273 0.35900 0.34723 0.37693 0.38131 0.37911 0.38394 0.36803 0.35023 0.35855 0.36268 0.36670 0.37442 0.36454 0.37462 0.36310 0.37850 0.37432 0.35403 0.37441 0.37405 0.41203 0.65493 0.95628 0.98790 0.99729 0.93798 0.79554 0.61807 0.50106 0.48088 0.43577 0.40491 0.38195
0.34635 0.36492 0.36549 0.37916 0.37458 0.38756 0.37879 0.39419 0.36400 0.37103 0.36539 0.36902 0.40392 0.49804 0.82670 0.82507 0.56579 0.46553 0.27512 0.14206 0.10337 0.15576 0.15739 0.22704 0.24381 0.55887 0.91322 0.99334 0.76100 0.52921 0.36034 0.35772 0.33368 0.36721 0.38841 0.38594 0.38323 0.34818 0.37154 0.38052 0.40360 0.38803 0.37404 0.38032 0.37417 0.35237 0.37660 0.37542 0.37050 0.36383 0.36808 0.39621 0.66317 0.94901 0.99195 0.99797 0.95853 0.83511 0.68170 0.57853 0.53704 0.55550 0.43889 0.42339
0.36430 0.37863 0.39197 0.37264 0.34204 0.36532 0.38153 0.39301 0.36767 0.38107 0.38195 0.37975 0.42292 0.54021 0.88013 0.94419 0.63624 0.49727 0.27334 0.13144 0.12148 0.14366 0.18113 0.24244 0.26677 0.57318 0.91266 0.97895 0.77267 0.53920 0.34960 0.34002 0.37924 0.35769 0.38093 0.39722 0.39826 0.39971 0.40299 0.39853 0.39372 0.37719 0.37958 0.35630 0.36650 0.36003 0.36310 0.36496 0.40009 0.38070 0.38199 0.40578 0.71649 0.96846 0.98730 0.98283 0.95331 0.86654 0.68627 0.58716 0.56620 0.54605 0.47486 0.41833
0.38670 0.39494 0.36728 0.37688 0.36587 0.36421 0.37531 0.39045 0.38600 0.37497 0.38769 0.40227 0.41458 0.54354 0.88795 1.00379 0.75425 0.53571 0.28768 0.15446 0.10708 0.15987 0.18982 0.24755 0.28239 0.58790 0.91464 0.97704 0.78377 0.56605 0.36686 0.33785 0.39156 0.38870 0.38803 0.40350 0.39819 0.36651 0.34809 0.33936 0.35179 0.35538 0.36301 0.36909 0.38891 0.39950 0.41215 0.39750 0.41173 0.38447 0.37230 0.40457 0.79037 0.97641 0.98541 0.98322 0.95940 0.89345 0.68762 0.60598 0.54522 0.51073 0.45285 0.40534
0.34681 0.33247 0.37319 0.39171 0.38268 0.38411 0.40073 0.35974 0.38396 0.36366 0.35362 0.34359 0.40025 0.54623 0.88523 0.99282 0.74371 0.55049 0.28874 0.14655 0.13741 0.13952 0.21292 0.25322 0.29944 0.60657 0.92761 0.96895 0.81654 0.66948 0.45160 0.35523 0.38524 0.38634 0.39977 0.43243 0.41312 0.38378 0.38425 0.37224 0.38024 0.38717 0.39813 0.37732 0.39680 0.39913 0.38445 0.36838 0.36145 0.37694 0.36387 0.43424 0.74006 0.95856 0.99116 0.98400 0.96036 0.91374 0.72178 0.56758 0.51261 0.47246 0.42673 0.37851
0.38465 0.40049 0.39977 0.39772 0.37131 0.38240 0.39264 0.38106 0.36348 0.37052 0.37740 0.37761 0.41769 0.58186 0.91514 0.98674 0.77844 0.56277 0.31085 0.15875 0.11598 0.15966 0.21829 0.27179 0.30350 0.60946 0.89915 0.94594 0.84340 0.76427 0.49583 0.33480 0.38439 0.39389 0.41123 0.41941 0.41057 0.39960 0.38612 0.37165 0.35069 0.37407 0.36662 0.37716 0.35215 0.37633 0.36342 0.36442 0.36549 0.37909 0.38461 0.43938 0.75616 0.96031 0.98988 0.98770 0.97059 0.90518 0.75384 0.53769 0.52253 0.50913 0.46753 0.46058
0.35390 0.39060 0.40329 0.40307 0.38574 0.36714 0.39990 0.41018 0.36348 0.37453 0.38496 0.35304 0.40611 0.59124 0.90021 0.97743 0.78504 0.59655 0.33872 0.15963 0.13251 0.15886 0.21543 0.24791 0.29550 0.62092 0.91281 0.95145 0.85885 0.76829 0.48326 0.37012 0.39305 0.37355 0.40457 0.40162 0.37065 0.34703 0.33712 0.33932 0.36801 0.37747 0.39437 0.39044 0.38205 0.38203 0.37593 0.39160 0.39018 0.38038 0.37368 0.43871 0.76079 0.95789 0.99740 1.00463 0.96147 0.89423 0.75626 0.57430 0.53561 0.51730 0.50661 0.49051
0.34859 0.37142 0.41021 0.39257 0.36416 0.36776 0.37321 0.36332 0.36712 0.35419 0.36139 0.34701 0.41243 0.60903 0.93816 0.97692 0.83258 0.71222 0.41517 0.18796 0.13030 0.21881 0.29266 0.29339 0.32439 0.63980 0.89793 0.94987 0.86262 0.75220 0.46517 0.37769 0.38812 0.37220 0.40845 0.39358 0.38724 0.37168 0.38253 0.38743 0.39967 0.40080 0.38053 0.39351 0.38491 0.36796 0.35862 0.34603 0.38545 0.37150 0.39676 0.45466 0.76459 0.96345 0.99834 0.99584 0.96674 0.85835 0.73983 0.62365 0.53371 0.53402 0.51222 0.52744
0.35019 0.35501 0.40227 0.37307 0.35154 0.36044 0.39433 0.36008 0.36679 0.37258 0.36056 0.37190 0.41505 0.63594 0.93124 0.96995 0.84265 0.81423 0.50562 0.24152 0.17483 0.29962 0.36398 0.35432 0.38619 0.66601 0.90601 0.94987 0.86077 0.74042 0.47271 0.37966 0.40307 0.41100 0.41096 0.40736 0.36433 0.35228 0.38542 0.37235 0.36669 0.35401 0.35958 0.37946 0.36881 0.36611 0.36215 0.35978 0.35880 0.36691 0.36579 0.41242 0.78149 0.97106 0.99189 1.00123 0.95975 0.86374 0.72433 0.61404 0.55371 0.53165 0.52883 0.52766
0.35832 0.34300 0.38010 0.37350 0.38444 0.39547 0.37753 0.36215 0.36852 0.37994 0.37632 0.36671 0.38651 0.62777 0.93215 0.96769 0.87729 0.78145 0.50697 0.24653 0.21687 0.32574 0.34289 0.36766 0.39213 0.65663 0.92803 0.97390 0.82702 0.74025 0.47366 0.38522 0.39861 0.39649 0.42097 0.41508 0.35948 0.35313 0.38444 0.37157 0.37261 0.36984 0.35682 0.37292 0.37690 0.38172 0.38692 0.37919 0.36287 0.36279 0.38171 0.44509 0.77836 0.96500 0.98333 0.99106 0.96825 0.87791 0.72790 0.62944 0.54975 0.53440 0.52966 0.52246
0.34831 0.36366 0.36826 0.36847 0.34642 0.36971 0.36651 0.37575 0.34801 0.37274 0.38206 0.37223 0.41971 0.62537 0.91688 0.97094 0.84785 0.77490 0.48800 0.25870 0.30003 0.36200 0.35857 0.36642 0.38239 0.70951 0.99794 0.97468 0.82196 0.75888 0.48586 0.38848 0.42862 0.42636 0.43798 0.45276 0.38432 0.36859 0.39005 0.40482 0.39810 0.38842 0.38899 0.37372 0.36283 0.36890 0.37245 0.36632 0.36486 0.36854 0.39609 0.43158 0.76860 0.96831 0.98912 0.98103 0.96418 0.88670 0.73806 0.60903 0.57216 0.55200 0.54344 0.53079
0.37999 0.36456 0.39530 0.38603 0.38047 0.38062 0.40770 0.39000 0.37917 0.36410 0.36175 0.39450 0.44014 0.66596 0.89791 0.96416 0.83540 0.78014 0.46839 0.25748 0.34517 0.35809 0.35594 0.35678 0.39250 0.72910 0.96725 0.95221 0.83618 0.78017 0.50118 0.37037 0.41233 0.43609 0.44491 0.44444 0.38266 0.35324 0.35506 0.34756 0.35271 0.36364 0.36390 0.35725 0.38606 0.39748 0.38204 0.39653 0.40266 0.38305 0.39656 0.40367 0.76751 0.97315 0.98772 0.99073 0.95453 0.90112 0.73011 0.63882 0.57566 0.55070 0.55036 0.53457
0.37495 0.37028 0.36326 0.37384 0.36669 0.38337 0.37283 0.36524 0.34945 0.34795 0.36355 0.39890 0.45939 0.65343 0.91604 0.97826 0.81707 0.83074 0.45888 0.23722 0.32520 0.35076 0.35671 0.37862 0.39457 0.78790 0.98334 0.97377 0.85732 0.78219 0.50211 0.38306 0.40515 0.43844 0.43927 0.42355 0.39315 0.35254 0.35894 0.36888 0.36701 0.36696 0.36095 0.38315 0.37910 0.35555 0.36392 0.36661 0.36809 0.35271 0.37294 0.39986 0.74795 0.96088 0.98951 0.99014 0.96793 0.85697 0.73773 0.63972 0.59042 0.58856 0.55558 0.53978
0.38584 0.38460 0.37437 0.36937 0.37477 0.38984 0.39961 0.37288 0.37458 0.37777 0.38062 0.41369 0.46190 0.69544 0.92067 0.96934 0.82131 0.80154 0.45635 0.26213 0.34273 0.35553 0.35704 0.35979 0.42276 0.73544 0.94351 0.95430 0.83682 0.78867 0.49339 0.39587 0.42907 0.45331 0.45511 0.42992 0.39258 0.37289 0.38927 0.39589 0.36708 0.37413 0.35767 0.38264 0.37001 0.34913 0.35964 0.35022 0.36359 0.36505 0.36821 0.41328 0.75230 0.96465 0.98040 0.97328 0.95014 0.84623 0.73574 0.64066 0.58447 0.58389 0.54765 0.53554
0.38500 0.37441 0.35810 0.37497 0.35447 0.39348 0.39821 0.37265 0.37004 0.38885 0.37077 0.42633 0.47921 0.73220 0.93595 0.96870 0.83812 0.78942 0.45706 0.25069 0.34606 0.36427 0.38567 0.38113 0.44352 0.75381 0.95267 0.96824 0.82576 0.78300 0.48224 0.40777 0.47074 0.49453 0.50543 0.48956 0.37662 0.37339 0.37760 0.35303 0.35167 0.35981 0.37735 0.37048 0.35852 0.36837 0.36223 0.36924 0.35239 0.35974 0.38864 0.44736 0.76837 0.95780 0.98080 0.98749 0.96003 0.84128 0.74204 0.63660 0.58857 0.57043 0.56072 0.55611
0.38088 0.37241 0.36907 0.36771 0.37064 0.39987 0.43288 0.37236 0.37239 0.39035 0.37679 0.42819 0.51046 0.72266 0.92756 0.97034 0.82946 0.82155 0.48203 0.31062 0.37357 0.38432 0.39074 0.36341 0.41387 0.76374 0.98028 0.97320 0.82804 0.78358 0.47932 0.42073 0.51263 0.53730 0.55784 0.54456 0.39721 0.36213 0.37808 0.37452 0.39527 0.36840 0.36871 0.37960 0.35691 0.36327 0.35516 0.35570 0.36190 0.36406 0.40395 0.45293 0.76988 0.95929 0.98468 0.98284 0.96435 0.82914 0.74581 0.63873 0.57994 0.59356 0.55215 0.54883
0.36855 0.36248 0.37991 0.37056 0.38509 0.40609 0.43396 0.37439 0.34946 0.38953 0.36720 0.43082 0.50416 0.75229 0.94841 0.96210 0.84171 0.77684 0.48406 0.33128 0.36579 0.37815 0.37440 0.37449 0.45030 0.78150 0.96705 0.97023 0.82087 0.79579 0.47996 0.44998 0.52074 0.55977 0.57717 0.52858 0.39113 0.38007 0.37588 0.37983 0.34471 0.34069 0.34727 0.36481 0.34981 0.36109 0.37684 0.37775 0.37535 0.37278 0.40301 0.44562 0.77032 0.96630 0.97505 0.97732 0.96149 0.83363 0.73583 0.63981 0.59325 0.55701 0.54358 0.54440
0.36837 0.36200 0.40668 0.37313 0.36327 0.37677 0.39583 0.39335 0.37149 0.37635 0.38178 0.41620 0.49225 0.73489 0.93745 0.96578 0.83759 0.76971 0.48665 0.34518 0.37707 0.39888 0.37356 0.40080 0.47943 0.78830 0.96493 0.97139 0.82507 0.79801 0.46303 0.48760 0.54768 0.56401 0.61644 0.52118 0.38481 0.36589 0.36704 0.37826 0.37207 0.38714 0.37443 0.38994 0.35374 0.37325 0.39717 0.38337 0.40062 0.38053 0.39198 0.44780 0.79964 0.96604 0.97568 0.95174 0.93905 0.82885 0.74347 0.62575 0.58199 0.56477 0.55397 0.52033
0.35917 0.36517 0.38640 0.36502 0.37521 0.39688 0.37916 0.36698 0.35958 0.38515 0.40003 0.44284 0.49454 0.75456 0.95034 0.96277 0.85371 0.77501 0.49604 0.35064 0.38996 0.41593 0.39843 0.40709 0.51571 0.79623 0.96170 0.97459 0.82769 0.80439 0.45811 0.52586 0.54777 0.56665 0.57583 0.52329 0.39729 0.36186 0.38500 0.36787 0.38547 0.34150 0.36959 0.39208 0.37799 0.36214 0.35020 0.37026 0.37244 0.37431 0.39771 0.47086 0.79789 0.96416 0.98293 0.97523 0.93559 0.83190 0.72473 0.64398 0.59475 0.56328 0.54512 0.54023
0.36694 0.38498 0.39261 0.39836 0.37887 0.40918 0.40587 0.37932 0.36018 0.40024 0.38107 0.43269 0.50025 0.76822 0.93674 0.96349 0.86085 0.78638 0.49779 0.36536 0.39637 0.40545 0.42285 0.43556 0.53511 0.80621 0.93513 0.96395 0.83968 0.79991 0.44554 0.51214 0.56214 0.57199 0.59488 0.52941 0.39177 0.36925 0.37897 0.37655 0.37468 0.35962 0.35813 0.33711 0.36541 0.37642 0.38443 0.38041 0.37679 0.36606 0.38759 0.48314 0.80720 0.96354 0.98879 0.97817 0.94864 0.82511 0.75072 0.62376 0.59201 0.57440 0.55598 0.53236
0.39207 0.36107 0.35536 0.37864 0.34350 0.42254 0.40363 0.35891 0.35164 0.36768 0.36678 0.41490 0.51278 0.78331 0.94667 0.96485 0.87773 0.77342 0.48998 0.37285 0.42491 0.44515 0.43897 0.46453 0.53008 0.82113 0.94210 0.95974 0.85327 0.79538 0.45969 0.58289 0.57108 0.57896 0.57161 0.53270 0.37511 0.35736 0.34890 0.36064 0.36105 0.34387 0.34925 0.35775 0.37635 0.37705 0.38767 0.35312 0.36497 0.35466 0.40329 0.50733 0.80888 0.96564 0.99609 0.98826 0.95569 0.82997 0.74103 0.65145 0.60023 0.59362 0.56553 0.55180
0.35079 0.36716 0.39070 0.37541 0.39206 0.39831 0.36968 0.36771 0.36246 0.38042 0.38963 0.42417 0.51439 0.79637 0.95188 0.96736 0.85483 0.78067 0.48354 0.37740 0.44038 0.44180 0.43120 0.47989 0.52255 0.83963 0.94052 0.96214 0.84615 0.75909 0.47030 0.52729 0.55588 0.59034 0.62009 0.55686 0.43946 0.35965 0.35625 0.36337 0.38216 0.36034 0.35643 0.35897 0.37563 0.37021 0.37488 0.37408 0.38380 0.37728 0.41043 0.50886 0.81465 0.96396 0.98323 0.97863 0.95277 0.79935 0.74062 0.62165 0.59096 0.56202 0.57625 0.56787
0.36938 0.40067 0.39222 0.35594 0.37735 0.40128 0.39198 0.35417 0.34781 0.34111 0.37178 0.38296 0.47586 0.78289 0.94026 0.96243 0.85445 0.77717 0.48642 0.34531 0.42175 0.45053 0.47979 0.49557 0.51709 0.83943 0.94651 0.97327 0.86715 0.77478 0.49504 0.53400 0.64480 0.68667 0.68033 0.62881 0.46516 0.36894 0.35904 0.36383 0.36919 0.36308 0.37405 0.35809 0.38079 0.40076 0.39448 0.38588 0.38140 0.39289 0.43286 0.51986 0.83594 0.97039 0.97790 0.96573 0.93022 0.77375 0.70944 0.61205 0.57370 0.55561 0.57629 0.56688
0.36037 0.36112 0.37018 0.36122 0.36452 0.38416 0.38294 0.36712 0.36375 0.36321 0.37109 0.44094 0.50196 0.78726 0.94637 0.96080 0.86907 0.75895 0.48896 0.40659 0.47234 0.51495 0.51285 0.49498 0.52415 0.84211 0.93824 0.97747 0.92135 0.86083 0.67655 0.68684 0.75787 0.82142 0.83255 0.73324 0.47008 0.37721 0.38222 0.37299 0.37375 0.37639 0.37674 0.39440 0.38300 0.39073 0.37967 0.37507 0.36795 0.36618 0.40585 0.50798 0.83343 0.96939 0.99291 0.95545 0.92803 0.77051 0.68263 0.60391 0.58700 0.56773 0.56527 0.55550
0.37371 0.38488 0.38083 0.36541 0.37908 0.40055 0.40173 0.35188 0.33795 0.34197 0.34837 0.42753 0.52522 0.78236 0.93751 0.96186 0.86767 0.76157 0.48710 0.48998 0.50385 0.51845 0.52304 0.57798 0.70546 0.92496 0.96933 0.98316 0.95867 0.94404 0.87336 0.89789 0.92980 0.91520 0.86503 0.73775 0.44991 0.36958 0.38064 0.38161 0.36718 0.34796 0.34934 0.34280 0.35107 0.36316 0.36538 0.36194 0.35714 0.36896 0.39617 0.50085 0.83145 0.98624 0.98008 0.97458 0.93194 0.77232 0.68174 0.61447 0.57198 0.56326 0.55552 0.54867
0.36146 0.37397 0.36865 0.33116 0.35514 0.39951 0.37623 0.34166 0.34694 0.35132 0.35236 0.41859 0.53543 0.79017 0.94014 0.96209 0.91641 0.84237 0.63856 0.59597 0.62765 0.67852 0.72984 0.83344 0.88860 0.91904 0.95792 0.96065 0.93828 0.90618 0.89636 0.90060 0.90202 0.87707 0.82996 0.70104 0.43601 0.36605 0.39352 0.35471 0.35683 0.36763 0.36996 0.36951 0.36330 0.36619 0.37061 0.37001 0.34703 0.36570 0.37254 0.50202 0.84031 0.96830 0.96088 0.96452 0.92844 0.78420 0.68052 0.60225 0.58422 0.56547 0.56424 0.52035
0.35204 0.37229 0.38416 0.35744 0.38814 0.40328 0.40406 0.36611 0.34229 0.35492 0.35154 0.42283 0.54056 0.80398 0.94073 0.97189 0.96427 0.92410 0.81837 0.85481 0.89947 0.92290 0.92454 0.91778 0.92042 0.92221 0.91594 0.88953 0.87611 0.86908 0.85656 0.85426 0.85263 0.84485 0.79008 0.66197 0.44885 0.36576 0.37633 0.36675 0.37376 0.37333 0.38033 0.38359 0.34510 0.35139 0.34595 0.35714 0.35440 0.33966 0.38957 0.51016 0.84904 0.95492 0.97100 0.97033 0.94027 0.78766 0.69105 0.60855 0.58643 0.57664 0.55570 0.53514
0.38448 0.39087 0.39830 0.37087 0.37790 0.40536 0.38861 0.37404 0.32405 0.34077 0.33971 0.43060 0.55078 0.80933 0.92821 0.95637 0.94623 0.93898 0.91994 0.91690 0.92199 0.91806 0.89948 0.86958 0.85956 0.85618 0.85234 0.84017 0.81699 0.82745 0.82694 0.79919 0.77333 0.75676 0.74769 0.63015 0.48802 0.37908 0.37029 0.34732 0.35360 0.33117 0.35621 0.35707 0.35345 0.35279 0.36436 0.36217 0.37930 0.38169 0.38889 0.52196 0.84384 0.97517 0.97987 0.96618 0.94010 0.78651 0.69705 0.62541 0.57007 0.56936 0.55940 0.56490
0.34021 0.35600 0.34799 0.34602 0.35415 0.37461 0.39066 0.34812 0.34270 0.34516 0.36394 0.42941 0.56815 0.81879 0.92697 0.92076 0.89460 0.87441 0.84751 0.84828 0.85999 0.86740 0.85927 0.82281 0.81772 0.82475 0.85566 0.86099 0.77336 0.72888 0.70338 0.67252 0.59732 0.54137 0.51963 0.53912 0.47989 0.36872 0.36189 0.35079 0.35657 0.35788 0.37427 0.38187 0.36177 0.38090 0.36789 0.37265 0.38492 0.35419 0.40738 0.51325 0.85854 0.97234 0.98426 0.96761 0.92446 0.80021 0.69156 0.61085 0.58798 0.57110 0.54225 0.54430
