0.541176 0.466667 0.439216 0.450980 0.458824 0.435294 0.458824 0.466667 0.466667 0.454902 0.450980 0.466667 0.494118 0.505882 0.541176 0.509804 0.498039 0.490196 0.513725 0.482353 0.447059 0.423529 0.392157 0.345098 0.325490 0.333333 0.356863 0.329412 0.333333 0.317647 0.321569 0.298039 0.309804 0.305882 0.317647 0.309804 0.329412 0.321569 0.305882 0.305882 0.294118 0.290196 0.286275 0.305882 0.290196 0.286275 0.286275 0.278431 0.294118 0.290196 0.282353 0.274510 0.258824 0.282353 0.258824 0.278431 0.282353 0.254902 0.262745 0.270588 0.274510 0.243137 0.254902 0.223529
0.600000 0.517647 0.486275 0.478431 0.494118 0.466667 0.458824 0.494118 0.494118 0.498039 0.509804 0.513725 0.490196 0.498039 0.517647 0.470588 0.443137 0.458824 0.498039 0.482353 0.494118 0.501961 0.490196 0.431373 0.356863 0.364706 0.325490 0.321569 0.301961 0.317647 0.337255 0.309804 0.309804 0.301961 0.305882 0.282353 0.301961 0.286275 0.301961 0.313725 0.321569 0.309804 0.321569 0.345098 0.345098 0.313725 0.301961 0.286275 0.274510 0.282353 0.262745 0.270588 0.290196 0.274510 0.282353 0.301961 0.290196 0.266667 0.262745 0.258824 0.243137 0.243137 0.262745 0.250980
0.541176 0.458824 0.447059 0.458824 0.474510 0.482353 0.490196 0.529412 0.505882 0.501961 0.494118 0.470588 0.466667 0.478431 0.490196 0.482353 0.494118 0.513725 0.505882 0.494118 0.509804 0.482353 0.458824 0.462745 0.431373 0.419608 0.356863 0.356863 0.333333 0.325490 0.317647 0.317647 0.301961 0.301961 0.305882 0.298039 0.329412 0.329412 0.333333 0.337255 0.352941 0.333333 0.309804 0.321569 0.305882 0.286275 0.298039 0.301961 0.305882 0.274510 0.270588 0.290196 0.290196 0.301961 0.290196 0.282353 0.262745 0.254902 0.270588 0.262745 0.270588 0.282353 0.262745 0.247059
0.498039 0.462745 0.454902 0.470588 0.462745 0.447059 0.450980 0.501961 0.474510 0.470588 0.478431 0.486275 0.513725 0.505882 0.490196 0.482353 0.501961 0.470588 0.474510 0.478431 0.509804 0.521569 0.513725 0.501961 0.486275 0.486275 0.415686 0.368627 0.317647 0.321569 0.313725 0.325490 0.341176 0.325490 0.349020 0.329412 0.321569 0.313725 0.325490 0.349020 0.321569 0.317647 0.325490 0.317647 0.321569 0.321569 0.317647 0.313725 0.325490 0.294118 0.290196 0.274510 0.262745 0.270588 0.270588 0.282353 0.282353 0.262745 0.262745 0.262745 0.247059 0.266667 0.262745 0.250980
0.474510 0.474510 0.482353 0.545098 0.517647 0.501961 0.501961 0.521569 0.501961 0.486275 0.486275 0.486275 0.494118 0.470588 0.443137 0.462745 0.498039 0.498039 0.509804 0.509804 0.517647 0.521569 0.521569 0.482353 0.458824 0.462745 0.447059 0.458824 0.439216 0.396078 0.372549 0.349020 0.345098 0.317647 0.321569 0.278431 0.298039 0.290196 0.313725 0.341176 0.325490 0.349020 0.337255 0.345098 0.337255 0.301961 0.317647 0.286275 0.298039 0.309804 0.305882 0.309804 0.298039 0.305882 0.278431 0.278431 0.258824 0.258824 0.250980 0.254902 0.270588 0.258824 0.274510 0.270588
0.501961 0.447059 0.450980 0.521569 0.498039 0.474510 0.478431 0.501961 0.482353 0.443137 0.443137 0.458824 0.494118 0.466667 0.501961 0.501961 0.505882 0.517647 0.513725 0.498039 0.470588 0.462745 0.474510 0.486275 0.517647 0.517647 0.521569 0.521569 0.505882 0.482353 0.415686 0.352941 0.325490 0.321569 0.313725 0.294118 0.317647 0.313725 0.333333 0.329412 0.345098 0.333333 0.317647 0.329412 0.309804 0.321569 0.317647 0.341176 0.333333 0.325490 0.313725 0.278431 0.290196 0.274510 0.278431 0.286275 0.274510 0.250980 0.274510 0.294118 0.282353 0.250980 0.282353 0.266667
0.568627 0.494118 0.486275 0.498039 0.486275 0.470588 0.458824 0.521569 0.509804 0.482353 0.482353 0.494118 0.490196 0.490196 0.521569 0.474510 0.462745 0.462745 0.498039 0.490196 0.482353 0.501961 0.490196 0.505882 0.513725 0.501961 0.478431 0.478431 0.474510 0.505882 0.494118 0.478431 0.443137 0.380392 0.349020 0.329412 0.321569 0.321569 0.329412 0.313725 0.305882 0.305882 0.341176 0.345098 0.325490 0.329412 0.325490 0.356863 0.317647 0.313725 0.301961 0.309804 0.278431 0.301961 0.290196 0.325490 0.286275 0.286275 0.298039 0.282353 0.266667 0.270588 0.254902 0.258824
0.537255 0.466667 0.482353 0.482353 0.494118 0.494118 0.509804 0.552941 0.513725 0.505882 0.494118 0.462745 0.443137 0.450980 0.478431 0.486275 0.501961 0.501961 0.513725 0.505882 0.494118 0.470588 0.450980 0.458824 0.478431 0.478431 0.482353 0.494118 0.533333 0.533333 0.517647 0.529412 0.498039 0.423529 0.384314 0.337255 0.317647 0.317647 0.325490 0.325490 0.305882 0.329412 0.341176 0.337255 0.305882 0.301961 0.313725 0.321569 0.313725 0.313725 0.321569 0.337255 0.309804 0.305882 0.282353 0.317647 0.282353 0.282353 0.305882 0.282353 0.282353 0.298039 0.290196 0.282353
0.505882 0.462745 0.462745 0.486275 0.458824 0.450980 0.474510 0.545098 0.462745 0.482353 0.470588 0.482353 0.490196 0.486275 0.509804 0.498039 0.498039 0.478431 0.466667 0.462745 0.486275 0.470588 0.490196 0.498039 0.498039 0.505882 0.501961 0.533333 0.513725 0.498039 0.486275 0.494118 0.482353 0.486275 0.474510 0.431373 0.372549 0.337255 0.341176 0.309804 0.301961 0.313725 0.333333 0.321569 0.317647 0.360784 0.345098 0.337255 0.329412 0.309804 0.305882 0.317647 0.349020 0.282353 0.301961 0.317647 0.309804 0.313725 0.317647 0.294118 0.290196 0.313725 0.294118 0.274510
0.494118 0.482353 0.498039 0.556863 0.521569 0.486275 0.482353 0.541176 0.513725 0.521569 0.494118 0.505882 0.498039 0.474510 0.462745 0.462745 0.490196 0.482353 0.482353 0.498039 0.501961 0.509804 0.533333 0.494118 0.482353 0.474510 0.482353 0.521569 0.494118 0.498039 0.490196 0.513725 0.521569 0.533333 0.494118 0.462745 0.423529 0.388235 0.372549 0.341176 0.329412 0.360784 0.352941 0.360784 0.337255 0.321569 0.321569 0.294118 0.301961 0.305882 0.305882 0.301961 0.301961 0.305882 0.321569 0.321569 0.305882 0.286275 0.290196 0.298039 0.274510 0.282353 0.282353 0.298039
0.490196 0.447059 0.454902 0.513725 0.490196 0.486275 0.482353 0.517647 0.509804 0.482353 0.462745 0.470588 0.478431 0.501961 0.517647 0.509804 0.517647 0.517647 0.517647 0.486275 0.474510 0.470588 0.486275 0.494118 0.498039 0.513725 0.529412 0.521569 0.533333 0.533333 0.490196 0.474510 0.474510 0.501961 0.482353 0.482353 0.501961 0.505882 0.490196 0.435294 0.364706 0.345098 0.341176 0.333333 0.325490 0.333333 0.298039 0.305882 0.317647 0.333333 0.345098 0.321569 0.313725 0.301961 0.298039 0.317647 0.290196 0.290196 0.294118 0.329412 0.305882 0.298039 0.309804 0.325490
0.588235 0.494118 0.470588 0.486275 0.474510 0.462745 0.450980 0.509804 0.498039 0.478431 0.498039 0.509804 0.513725 0.533333 0.549020 0.509804 0.498039 0.494118 0.505882 0.478431 0.482353 0.490196 0.498039 0.501961 0.498039 0.509804 0.513725 0.486275 0.494118 0.486275 0.474510 0.490196 0.498039 0.545098 0.572549 0.541176 0.525490 0.509804 0.482353 0.462745 0.427451 0.400000 0.352941 0.333333 0.313725 0.329412 0.325490 0.321569 0.317647 0.317647 0.317647 0.313725 0.298039 0.294118 0.305882 0.337255 0.345098 0.305882 0.321569 0.313725 0.305882 0.301961 0.301961 0.301961
0.552941 0.482353 0.478431 0.490196 0.501961 0.517647 0.521569 0.549020 0.509804 0.513725 0.529412 0.521569 0.490196 0.482353 0.486275 0.482353 0.486275 0.517647 0.517647 0.521569 0.517647 0.494118 0.466667 0.458824 0.462745 0.466667 0.494118 0.509804 0.505882 0.513725 0.529412 0.549020 0.525490 0.501961 0.509804 0.501961 0.486275 0.482353 0.498039 0.505882 0.498039 0.498039 0.462745 0.392157 0.337255 0.317647 0.325490 0.305882 0.294118 0.301961 0.317647 0.317647 0.321569 0.309804 0.333333 0.325490 0.313725 0.313725 0.313725 0.305882 0.309804 0.317647 0.317647 0.301961
0.501961 0.450980 0.443137 0.443137 0.462745 0.474510 0.513725 0.549020 0.474510 0.498039 0.501961 0.501961 0.494118 0.494118 0.505882 0.505882 0.521569 0.509804 0.494118 0.474510 0.490196 0.454902 0.470588 0.462745 0.478431 0.509804 0.521569 0.529412 0.509804 0.494118 0.490196 0.490196 0.470588 0.474510 0.490196 0.509804 0.529412 0.529412 0.513725 0.525490 0.505882 0.501961 0.501961 0.466667 0.411765 0.360784 0.341176 0.325490 0.333333 0.325490 0.329412 0.313725 0.298039 0.294118 0.294118 0.298039 0.294118 0.305882 0.325490 0.325490 0.329412 0.337255 0.329412 0.309804
0.478431 0.482353 0.482353 0.509804 0.501961 0.486275 0.521569 0.529412 0.482353 0.501961 0.517647 0.529412 0.494118 0.494118 0.478431 0.482353 0.478431 0.478431 0.478431 0.494118 0.521569 0.517647 0.537255 0.486275 0.482353 0.474510 0.478431 0.494118 0.466667 0.482353 0.498039 0.498039 0.498039 0.513725 0.517647 0.505882 0.494118 0.490196 0.490196 0.478431 0.505882 0.529412 0.529412 0.537255 0.533333 0.478431 0.423529 0.329412 0.298039 0.309804 0.294118 0.301961 0.317647 0.333333 0.329412 0.329412 0.321569 0.313725 0.329412 0.313725 0.301961 0.301961 0.305882 0.321569
0.450980 0.458824 0.474510 0.509804 0.486275 0.470588 0.498039 0.521569 0.501961 0.486275 0.494118 0.494118 0.458824 0.458824 0.470588 0.513725 0.501961 0.513725 0.505882 0.501961 0.501961 0.501961 0.505882 0.458824 0.470588 0.466667 0.486275 0.513725 0.513725 0.517647 0.494118 0.474510 0.478431 0.482353 0.470588 0.478431 0.494118 0.513725 0.529412 0.529412 0.549020 0.533333 0.525490 0.517647 0.498039 0.454902 0.443137 0.439216 0.400000 0.356863 0.317647 0.321569 0.333333 0.321569 0.313725 0.305882 0.294118 0.282353 0.298039 0.313725 0.317647 0.313725 0.329412 0.341176
0.541176 0.501961 0.470588 0.490196 0.466667 0.454902 0.454902 0.501961 0.474510 0.486275 0.478431 0.498039 0.498039 0.486275 0.498039 0.490196 0.482353 0.490196 0.486275 0.478431 0.462745 0.505882 0.509804 0.498039 0.529412 0.490196 0.490196 0.482353 0.486275 0.478431 0.447059 0.454902 0.490196 0.505882 0.513725 0.537255 0.525490 0.521569 0.517647 0.501961 0.490196 0.482353 0.470588 0.478431 0.498039 0.513725 0.517647 0.529412 0.509804 0.435294 0.364706 0.341176 0.337255 0.309804 0.294118 0.309804 0.309804 0.321569 0.352941 0.329412 0.305882 0.329412 0.333333 0.352941
0.545098 0.490196 0.494118 0.494118 0.509804 0.505882 0.517647 0.533333 0.509804 0.549020 0.505882 0.482353 0.470588 0.486275 0.470588 0.466667 0.490196 0.501961 0.513725 0.525490 0.509804 0.498039 0.478431 0.486275 0.521569 0.462745 0.458824 0.474510 0.478431 0.494118 0.501961 0.513725 0.501961 0.494118 0.494118 0.509804 0.482353 0.478431 0.478431 0.482353 0.498039 0.513725 0.533333 0.501961 0.494118 0.505882 0.486275 0.478431 0.454902 0.443137 0.458824 0.443137 0.376471 0.337255 0.341176 0.345098 0.337255 0.309804 0.341176 0.349020 0.360784 0.396078 0.443137 0.450980
0.501961 0.443137 0.443137 0.443137 0.447059 0.454902 0.517647 0.517647 0.466667 0.498039 0.454902 0.478431 0.490196 0.513725 0.501961 0.501961 0.525490 0.517647 0.498039 0.498039 0.486275 0.458824 0.470588 0.498039 0.521569 0.494118 0.513725 0.505882 0.501961 0.486275 0.462745 0.482353 0.466667 0.474510 0.486275 0.501961 0.505882 0.521569 0.513725 0.509804 0.494118 0.482353 0.490196 0.447059 0.439216 0.454902 0.447059 0.482353 0.498039 0.501961 0.513725 0.490196 0.462745 0.400000 0.341176 0.349020 0.380392 0.392157 0.411765 0.454902 0.498039 0.501961 0.541176 0.568627
0.490196 0.478431 0.494118 0.521569 0.478431 0.450980 0.501961 0.521569 0.482353 0.494118 0.498039 0.549020 0.505882 0.486275 0.470588 0.466667 0.482353 0.494118 0.478431 0.486275 0.513725 0.513725 0.521569 0.517647 0.525490 0.474510 0.490196 0.482353 0.462745 0.462745 0.470588 0.486275 0.498039 0.552941 0.509804 0.505882 0.513725 0.513725 0.458824 0.443137 0.462745 0.447059 0.490196 0.498039 0.513725 0.505882 0.498039 0.501961 0.494118 0.486275 0.454902 0.392157 0.380392 0.403922 0.423529 0.462745 0.494118 0.513725 0.513725 0.549020 0.552941 0.560784 0.580392 0.600000
0.450980 0.466667 0.494118 0.529412 0.501961 0.490196 0.517647 0.541176 0.509804 0.486275 0.486275 0.533333 0.490196 0.462745 0.474510 0.486275 0.513725 0.517647 0.521569 0.494118 0.494118 0.498039 0.505882 0.462745 0.470588 0.462745 0.490196 0.501961 0.513725 0.509804 0.494118 0.498039 0.482353 0.521569 0.474510 0.454902 0.478431 0.486275 0.490196 0.505882 0.505882 0.509804 0.525490 0.509804 0.517647 0.478431 0.470588 0.478431 0.474510 0.466667 0.447059 0.349020 0.352941 0.454902 0.498039 0.533333 0.545098 0.560784 0.572549 0.584314 0.600000 0.619608 0.647059 0.647059
0.490196 0.474510 0.466667 0.494118 0.466667 0.462745 0.478431 0.494118 0.454902 0.486275 0.478431 0.501961 0.501961 0.509804 0.525490 0.498039 0.490196 0.498039 0.494118 0.462745 0.466667 0.470588 0.490196 0.490196 0.533333 0.505882 0.513725 0.498039 0.505882 0.486275 0.474510 0.462745 0.462745 0.494118 0.482353 0.517647 0.525490 0.509804 0.505882 0.505882 0.501961 0.482353 0.466667 0.466667 0.466667 0.486275 0.486275 0.490196 0.517647 0.509804 0.494118 0.376471 0.321569 0.474510 0.549020 0.576471 0.603922 0.623529 0.639216 0.631373 0.635294 0.615686 0.600000 0.568627
0.525490 0.494118 0.501961 0.509804 0.482353 0.494118 0.521569 0.521569 0.498039 0.545098 0.494118 0.482353 0.474510 0.482353 0.474510 0.447059 0.454902 0.490196 0.505882 0.529412 0.529412 0.513725 0.494118 0.494118 0.505882 0.470588 0.474510 0.447059 0.478431 0.494118 0.494118 0.486275 0.501961 0.501961 0.501961 0.498039 0.486275 0.462745 0.462745 0.462745 0.462745 0.490196 0.513725 0.505882 0.509804 0.505882 0.494118 0.470588 0.474510 0.450980 0.431373 0.380392 0.309804 0.537255 0.615686 0.611765 0.619608 0.592157 0.568627 0.537255 0.533333 0.537255 0.529412 0.521569
0.474510 0.450980 0.454902 0.458824 0.466667 0.486275 0.537255 0.529412 0.478431 0.513725 0.458824 0.454902 0.454902 0.478431 0.498039 0.521569 0.517647 0.501961 0.494118 0.517647 0.490196 0.458824 0.439216 0.454902 0.494118 0.478431 0.525490 0.474510 0.482353 0.478431 0.486275 0.486275 0.470588 0.470588 0.466667 0.450980 0.474510 0.533333 0.529412 0.529412 0.517647 0.509804 0.513725 0.482353 0.458824 0.439216 0.454902 0.443137 0.454902 0.490196 0.486275 0.447059 0.392157 0.584314 0.666667 0.568627 0.541176 0.525490 0.498039 0.501961 0.478431 0.486275 0.450980 0.427451
0.443137 0.423529 0.450980 0.494118 0.454902 0.454902 0.525490 0.517647 0.474510 0.501961 0.517647 0.529412 0.505882 0.494118 0.470588 0.505882 0.478431 0.454902 0.439216 0.447059 0.482353 0.486275 0.486275 0.474510 0.478431 0.490196 0.517647 0.482353 0.458824 0.466667 0.470588 0.478431 0.470588 0.447059 0.466667 0.443137 0.494118 0.545098 0.517647 0.505882 0.474510 0.478431 0.474510 0.474510 0.486275 0.478431 0.474510 0.466667 0.490196 0.509804 0.509804 0.478431 0.470588 0.647059 0.725490 0.658824 0.611765 0.525490 0.415686 0.376471 0.388235 0.400000 0.400000 0.411765
0.431373 0.427451 0.474510 0.533333 0.501961 0.505882 0.521569 0.545098 0.517647 0.505882 0.490196 0.509804 0.454902 0.447059 0.466667 0.494118 0.482353 0.513725 0.509804 0.490196 0.490196 0.490196 0.494118 0.470588 0.458824 0.466667 0.482353 0.498039 0.494118 0.490196 0.482353 0.474510 0.470588 0.474510 0.509804 0.533333 0.517647 0.486275 0.470588 0.494118 0.498039 0.509804 0.521569 0.517647 0.517647 0.482353 0.450980 0.427451 0.435294 0.462745 0.458824 0.419608 0.482353 0.694118 0.788235 0.713725 0.678431 0.572549 0.380392 0.352941 0.356863 0.403922 0.427451 0.431373
0.439216 0.427451 0.458824 0.498039 0.478431 0.474510 0.486275 0.498039 0.435294 0.454902 0.454902 0.486275 0.474510 0.533333 0.501961 0.494118 0.494118 0.505882 0.482353 0.470588 0.466667 0.458824 0.470588 0.470588 0.458824 0.478431 0.486275 0.490196 0.490196 0.501961 0.517647 0.537255 0.564706 0.580392 0.584314 0.568627 0.533333 0.509804 0.509804 0.541176 0.509804 0.490196 0.486275 0.462745 0.474510 0.443137 0.439216 0.466667 0.501961 0.513725 0.513725 0.482353 0.568627 0.796078 0.792157 0.721569 0.698039 0.603922 0.403922 0.384314 0.376471 0.415686 0.435294 0.447059
0.498039 0.486275 0.494118 0.490196 0.462745 0.474510 0.494118 0.501961 0.482353 0.521569 0.482353 0.482353 0.470588 0.529412 0.498039 0.482353 0.474510 0.470588 0.474510 0.482353 0.486275 0.470588 0.474510 0.478431 0.478431 0.509804 0.521569 0.545098 0.552941 0.572549 0.572549 0.568627 0.568627 0.549020 0.521569 0.505882 0.494118 0.486275 0.478431 0.494118 0.454902 0.447059 0.454902 0.466667 0.490196 0.501961 0.505882 0.505882 0.509804 0.494118 0.474510 0.470588 0.596078 0.858824 0.850980 0.741176 0.709804 0.600000 0.423529 0.403922 0.388235 0.423529 0.447059 0.462745
0.474510 0.462745 0.474510 0.474510 0.478431 0.498039 0.576471 0.509804 0.486275 0.529412 0.466667 0.431373 0.396078 0.450980 0.435294 0.450980 0.470588 0.474510 0.478431 0.494118 0.505882 0.513725 0.521569 0.552941 0.568627 0.580392 0.615686 0.615686 0.549020 0.501961 0.470588 0.462745 0.482353 0.466667 0.450980 0.454902 0.458824 0.454902 0.466667 0.494118 0.486275 0.494118 0.501961 0.490196 0.474510 0.482353 0.482353 0.458824 0.447059 0.427451 0.450980 0.450980 0.584314 0.866667 0.890196 0.780392 0.729412 0.611765 0.427451 0.427451 0.403922 0.435294 0.454902 0.462745
0.466667 0.462745 0.458824 0.454902 0.439216 0.454902 0.560784 0.498039 0.458824 0.509804 0.490196 0.462745 0.345098 0.290196 0.349020 0.427451 0.490196 0.521569 0.533333 0.556863 0.568627 0.584314 0.572549 0.560784 0.525490 0.517647 0.647059 0.647059 0.521569 0.403922 0.352941 0.356863 0.415686 0.427451 0.431373 0.447059 0.498039 0.529412 0.501961 0.505882 0.466667 0.447059 0.447059 0.443137 0.439216 0.439216 0.486275 0.501961 0.478431 0.478431 0.498039 0.498039 0.631373 0.878431 0.898039 0.823529 0.741176 0.619608 0.454902 0.458824 0.419608 0.443137 0.474510 0.478431
0.470588 0.486275 0.513725 0.529412 0.494118 0.509804 0.556863 0.556863 0.521569 0.509804 0.494118 0.462745 0.376471 0.258824 0.400000 0.533333 0.552941 0.564706 0.560784 0.521569 0.513725 0.474510 0.419608 0.396078 0.356863 0.431373 0.678431 0.686275 0.552941 0.443137 0.372549 0.352941 0.423529 0.431373 0.439216 0.470588 0.486275 0.486275 0.450980 0.447059 0.443137 0.458824 0.474510 0.490196 0.513725 0.501961 0.501961 0.494118 0.490196 0.466667 0.450980 0.482353 0.623529 0.882353 0.909804 0.870588 0.768627 0.647059 0.482353 0.501961 0.435294 0.447059 0.486275 0.482353
0.435294 0.435294 0.494118 0.501961 0.478431 0.490196 0.517647 0.521569 0.486275 0.474510 0.458824 0.454902 0.415686 0.309804 0.450980 0.619608 0.517647 0.435294 0.407843 0.352941 0.329412 0.301961 0.282353 0.262745 0.270588 0.403922 0.690196 0.717647 0.572549 0.478431 0.411765 0.380392 0.431373 0.443137 0.450980 0.474510 0.486275 0.482353 0.486275 0.517647 0.498039 0.486275 0.486275 0.470588 0.482353 0.454902 0.443137 0.435294 0.454902 0.458824 0.486275 0.490196 0.643137 0.886275 0.909804 0.901961 0.803922 0.654902 0.513725 0.521569 0.450980 0.470588 0.474510 0.501961
0.490196 0.470588 0.498039 0.486275 0.450980 0.447059 0.474510 0.490196 0.478431 0.490196 0.509804 0.501961 0.501961 0.400000 0.513725 0.662745 0.521569 0.423529 0.352941 0.262745 0.254902 0.250980 0.247059 0.254902 0.266667 0.411765 0.713725 0.737255 0.588235 0.490196 0.439216 0.368627 0.435294 0.470588 0.474510 0.482353 0.509804 0.498039 0.498039 0.513725 0.466667 0.435294 0.419608 0.435294 0.462745 0.454902 0.474510 0.482353 0.494118 0.494118 0.505882 0.537255 0.666667 0.894118 0.917647 0.913725 0.850980 0.666667 0.521569 0.533333 0.470588 0.490196 0.501961 0.501961
0.466667 0.450980 0.470588 0.474510 0.474510 0.490196 0.533333 0.494118 0.482353 0.486275 0.486275 0.466667 0.482353 0.450980 0.568627 0.682353 0.541176 0.478431 0.384314 0.254902 0.239216 0.243137 0.266667 0.301961 0.309804 0.478431 0.784314 0.796078 0.619608 0.521569 0.450980 0.407843 0.447059 0.482353 0.490196 0.486275 0.478431 0.466667 0.466667 0.474510 0.478431 0.466667 0.474510 0.494118 0.505882 0.498039 0.482353 0.478431 0.458824 0.450980 0.435294 0.494118 0.670588 0.898039 0.913725 0.913725 0.882353 0.698039 0.556863 0.549020 0.482353 0.505882 0.505882 0.501961
0.474510 0.458824 0.443137 0.443137 0.447059 0.470588 0.533333 0.462745 0.454902 0.462745 0.470588 0.474510 0.470588 0.482353 0.631373 0.709804 0.556863 0.509804 0.423529 0.262745 0.239216 0.250980 0.278431 0.305882 0.341176 0.541176 0.850980 0.866667 0.690196 0.556863 0.466667 0.423529 0.454902 0.478431 0.513725 0.513725 0.501961 0.505882 0.498039 0.486275 0.490196 0.501961 0.482353 0.470588 0.458824 0.443137 0.454902 0.458824 0.462745 0.462745 0.478431 0.494118 0.662745 0.890196 0.909804 0.917647 0.901961 0.749020 0.580392 0.556863 0.505882 0.509804 0.501961 0.494118
0.486275 0.494118 0.521569 0.505882 0.470588 0.490196 0.545098 0.517647 0.498039 0.486275 0.498039 0.478431 0.521569 0.564706 0.721569 0.741176 0.596078 0.537255 0.435294 0.305882 0.258824 0.282353 0.341176 0.356863 0.380392 0.580392 0.870588 0.886275 0.756863 0.549020 0.470588 0.447059 0.462745 0.486275 0.509804 0.525490 0.521569 0.498039 0.486275 0.478431 0.458824 0.474510 0.447059 0.470588 0.470588 0.501961 0.498039 0.494118 0.494118 0.490196 0.498039 0.521569 0.686275 0.894118 0.909804 0.917647 0.905882 0.796078 0.619608 0.588235 0.545098 0.541176 0.513725 0.505882
0.450980 0.466667 0.521569 0.513725 0.490196 0.505882 0.513725 0.521569 0.490196 0.466667 0.474510 0.462745 0.478431 0.564706 0.800000 0.819608 0.627451 0.549020 0.439216 0.298039 0.270588 0.290196 0.360784 0.372549 0.388235 0.615686 0.882353 0.894118 0.784314 0.584314 0.474510 0.439216 0.470588 0.478431 0.501961 0.525490 0.498039 0.490196 0.478431 0.513725 0.501961 0.513725 0.509804 0.498039 0.490196 0.478431 0.470588 0.447059 0.454902 0.450980 0.439216 0.466667 0.682353 0.894118 0.909804 0.921569 0.909804 0.823529 0.650980 0.611765 0.615686 0.690196 0.537255 0.509804
0.474510 0.478431 0.505882 0.466667 0.443137 0.474510 0.494118 0.501961 0.482353 0.486275 0.498039 0.513725 0.494118 0.580392 0.823529 0.882353 0.709804 0.560784 0.443137 0.317647 0.298039 0.325490 0.380392 0.380392 0.380392 0.623529 0.882353 0.894118 0.800000 0.603922 0.470588 0.423529 0.486275 0.494118 0.509804 0.525490 0.529412 0.509804 0.509804 0.537255 0.517647 0.498039 0.482353 0.443137 0.443137 0.450980 0.454902 0.466667 0.486275 0.501961 0.490196 0.529412 0.721569 0.898039 0.913725 0.921569 0.913725 0.843137 0.682353 0.639216 0.592157 0.701961 0.556863 0.525490
0.494118 0.498039 0.513725 0.482353 0.478431 0.501961 0.533333 0.509804 0.513725 0.513725 0.501961 0.478431 0.498039 0.603922 0.850980 0.886275 0.741176 0.580392 0.435294 0.329412 0.313725 0.364706 0.407843 0.400000 0.407843 0.647059 0.882353 0.898039 0.807843 0.647059 0.474510 0.435294 0.482353 0.494118 0.529412 0.525490 0.509804 0.470588 0.454902 0.458824 0.443137 0.447059 0.478431 0.478431 0.490196 0.525490 0.537255 0.509804 0.498039 0.494118 0.494118 0.537255 0.709804 0.898039 0.913725 0.917647 0.917647 0.850980 0.713725 0.650980 0.568627 0.576471 0.537255 0.517647
0.458824 0.454902 0.474510 0.462745 0.474510 0.501961 0.533333 0.470588 0.466667 0.474510 0.447059 0.470588 0.466667 0.576471 0.839216 0.894118 0.768627 0.600000 0.450980 0.321569 0.301961 0.349020 0.388235 0.384314 0.407843 0.654902 0.886275 0.901961 0.815686 0.705882 0.513725 0.454902 0.498039 0.505882 0.533333 0.545098 0.509804 0.490196 0.474510 0.490196 0.482353 0.490196 0.505882 0.501961 0.486275 0.509804 0.509804 0.478431 0.482353 0.474510 0.470588 0.509804 0.733333 0.901961 0.909804 0.921569 0.917647 0.854902 0.725490 0.643137 0.572549 0.568627 0.537255 0.525490
0.482353 0.501961 0.533333 0.490196 0.462745 0.482353 0.541176 0.494118 0.486275 0.490196 0.482353 0.509804 0.529412 0.631373 0.854902 0.890196 0.788235 0.631373 0.462745 0.337255 0.290196 0.356863 0.400000 0.384314 0.415686 0.670588 0.890196 0.898039 0.815686 0.756863 0.584314 0.490196 0.517647 0.525490 0.545098 0.564706 0.564706 0.533333 0.505882 0.490196 0.474510 0.486275 0.474510 0.474510 0.466667 0.494118 0.498039 0.490196 0.521569 0.501961 0.494118 0.533333 0.749020 0.901961 0.909804 0.917647 0.925490 0.886275 0.745098 0.654902 0.592157 0.584314 0.560784 0.549020
0.478431 0.498039 0.564706 0.521569 0.494118 0.505882 0.537255 0.537255 0.501961 0.474510 0.470588 0.482353 0.513725 0.635294 0.858824 0.894118 0.803922 0.686275 0.462745 0.321569 0.298039 0.368627 0.423529 0.407843 0.443137 0.674510 0.886275 0.898039 0.819608 0.776471 0.603922 0.490196 0.521569 0.525490 0.556863 0.564706 0.525490 0.490196 0.454902 0.458824 0.454902 0.490196 0.501961 0.533333 0.525490 0.513725 0.490196 0.486275 0.498039 0.470588 0.462745 0.509804 0.749020 0.901961 0.909804 0.921569 0.913725 0.866667 0.745098 0.654902 0.600000 0.592157 0.592157 0.584314
0.470588 0.470588 0.521569 0.482353 0.470588 0.482353 0.513725 0.478431 0.450980 0.447059 0.462745 0.474510 0.490196 0.647059 0.866667 0.890196 0.803922 0.733333 0.490196 0.356863 0.341176 0.415686 0.423529 0.415686 0.458824 0.694118 0.890196 0.890196 0.803922 0.768627 0.600000 0.486275 0.517647 0.529412 0.560784 0.556863 0.498039 0.490196 0.486275 0.517647 0.505882 0.517647 0.509804 0.533333 0.498039 0.458824 0.435294 0.431373 0.466667 0.466667 0.466667 0.513725 0.760784 0.901961 0.909804 0.917647 0.909804 0.839216 0.729412 0.666667 0.603922 0.607843 0.596078 0.592157
0.478431 0.486275 0.490196 0.478431 0.482353 0.505882 0.525490 0.470588 0.466667 0.494118 0.494118 0.482353 0.513725 0.647059 0.870588 0.894118 0.811765 0.768627 0.564706 0.380392 0.372549 0.431373 0.454902 0.439216 0.466667 0.694118 0.890196 0.894118 0.788235 0.701961 0.580392 0.494118 0.517647 0.533333 0.564706 0.556863 0.486275 0.462745 0.478431 0.513725 0.482353 0.466667 0.454902 0.486275 0.482353 0.490196 0.498039 0.490196 0.498039 0.490196 0.498039 0.549020 0.760784 0.901961 0.909804 0.917647 0.909804 0.835294 0.741176 0.666667 0.615686 0.611765 0.603922 0.592157
0.458824 0.450980 0.466667 0.462745 0.478431 0.533333 0.541176 0.462745 0.466667 0.478431 0.450980 0.462745 0.498039 0.643137 0.870588 0.894118 0.811765 0.780392 0.564706 0.376471 0.372549 0.439216 0.454902 0.454902 0.482353 0.709804 0.890196 0.890196 0.780392 0.678431 0.576471 0.494118 0.533333 0.545098 0.564706 0.552941 0.447059 0.443137 0.462745 0.490196 0.494118 0.505882 0.486275 0.490196 0.478431 0.505882 0.498039 0.478431 0.458824 0.450980 0.462745 0.525490 0.752941 0.901961 0.913725 0.917647 0.909804 0.839216 0.741176 0.666667 0.607843 0.611765 0.603922 0.600000
0.486275 0.470588 0.501961 0.482353 0.454902 0.513725 0.568627 0.466667 0.454902 0.470588 0.462745 0.498039 0.533333 0.658824 0.870588 0.890196 0.815686 0.788235 0.568627 0.388235 0.380392 0.450980 0.450980 0.431373 0.474510 0.721569 0.890196 0.890196 0.788235 0.705882 0.564706 0.494118 0.525490 0.545098 0.568627 0.564706 0.529412 0.501961 0.494118 0.505882 0.505882 0.521569 0.470588 0.458824 0.435294 0.454902 0.458824 0.466667 0.486275 0.470588 0.490196 0.529412 0.756863 0.901961 0.913725 0.917647 0.909804 0.827451 0.737255 0.662745 0.615686 0.619608 0.615686 0.607843
0.501961 0.498039 0.541176 0.529412 0.494118 0.505882 0.552941 0.494118 0.474510 0.458824 0.482353 0.501961 0.552941 0.694118 0.878431 0.890196 0.811765 0.796078 0.568627 0.411765 0.392157 0.462745 0.447059 0.454902 0.490196 0.737255 0.901961 0.894118 0.803922 0.772549 0.568627 0.501961 0.541176 0.560784 0.580392 0.568627 0.513725 0.478431 0.462745 0.458824 0.458824 0.474510 0.470588 0.505882 0.478431 0.482353 0.478431 0.498039 0.537255 0.478431 0.494118 0.533333 0.752941 0.898039 0.913725 0.917647 0.909804 0.823529 0.733333 0.666667 0.631373 0.611765 0.611765 0.600000
0.474510 0.466667 0.494118 0.478431 0.474510 0.478431 0.505882 0.466667 0.431373 0.439216 0.458824 0.517647 0.564706 0.694118 0.878431 0.890196 0.811765 0.788235 0.564706 0.400000 0.400000 0.462745 0.454902 0.454902 0.486275 0.741176 0.894118 0.894118 0.807843 0.784314 0.576471 0.486275 0.549020 0.560784 0.584314 0.572549 0.490196 0.466667 0.478431 0.505882 0.490196 0.494118 0.490196 0.545098 0.474510 0.458824 0.470588 0.462745 0.478431 0.443137 0.454902 0.505882 0.764706 0.898039 0.913725 0.913725 0.905882 0.803922 0.729412 0.662745 0.635294 0.623529 0.623529 0.611765
0.509804 0.509804 0.509804 0.494118 0.490196 0.513725 0.525490 0.478431 0.490196 0.525490 0.513725 0.552941 0.588235 0.694118 0.878431 0.886275 0.819608 0.796078 0.560784 0.419608 0.419608 0.482353 0.458824 0.458824 0.509804 0.752941 0.894118 0.890196 0.800000 0.780392 0.580392 0.505882 0.549020 0.572549 0.603922 0.584314 0.505882 0.486275 0.501961 0.505882 0.490196 0.466667 0.466667 0.505882 0.454902 0.439216 0.443137 0.450980 0.466667 0.474510 0.498039 0.533333 0.760784 0.898039 0.913725 0.917647 0.909804 0.815686 0.737255 0.666667 0.623529 0.619608 0.603922 0.611765
0.474510 0.490196 0.501961 0.494118 0.501961 0.533333 0.545098 0.470588 0.470588 0.513725 0.498039 0.529412 0.541176 0.682353 0.878431 0.882353 0.815686 0.792157 0.549020 0.400000 0.443137 0.505882 0.482353 0.474510 0.525490 0.772549 0.894118 0.890196 0.811765 0.788235 0.564706 0.513725 0.564706 0.596078 0.619608 0.588235 0.482353 0.470588 0.458824 0.470588 0.450980 0.470588 0.478431 0.494118 0.474510 0.482353 0.478431 0.462745 0.462745 0.462745 0.521569 0.552941 0.780392 0.898039 0.913725 0.917647 0.905882 0.811765 0.737255 0.658824 0.631373 0.615686 0.611765 0.600000
0.474510 0.474510 0.478431 0.443137 0.454902 0.505882 0.533333 0.447059 0.454902 0.466667 0.482353 0.533333 0.552941 0.729412 0.886275 0.886275 0.811765 0.784314 0.549020 0.427451 0.462745 0.498039 0.474510 0.505882 0.541176 0.792157 0.898039 0.890196 0.811765 0.788235 0.560784 0.521569 0.592157 0.603922 0.631373 0.607843 0.490196 0.490196 0.482353 0.486275 0.474510 0.482353 0.466667 0.466667 0.466667 0.466667 0.458824 0.443137 0.439216 0.450980 0.494118 0.529412 0.780392 0.898039 0.905882 0.913725 0.905882 0.807843 0.737255 0.658824 0.623529 0.623529 0.611765 0.600000
0.498039 0.494118 0.556863 0.486275 0.490196 0.517647 0.584314 0.505882 0.478431 0.474510 0.505882 0.513725 0.580392 0.749020 0.886275 0.882353 0.807843 0.784314 0.556863 0.435294 0.501961 0.537255 0.490196 0.509804 0.564706 0.784314 0.901961 0.890196 0.811765 0.780392 0.556863 0.533333 0.603922 0.623529 0.650980 0.611765 0.529412 0.509804 0.498039 0.482353 0.474510 0.458824 0.435294 0.447059 0.454902 0.482353 0.490196 0.501961 0.490196 0.498039 0.533333 0.576471 0.803922 0.901961 0.909804 0.913725 0.905882 0.800000 0.737255 0.658824 0.627451 0.627451 0.615686 0.603922
0.482353 0.490196 0.549020 0.470588 0.470588 0.501961 0.560784 0.478431 0.435294 0.439216 0.458824 0.509804 0.552941 0.768627 0.890196 0.878431 0.803922 0.772549 0.545098 0.447059 0.517647 0.552941 0.494118 0.513725 0.580392 0.803922 0.901961 0.886275 0.807843 0.784314 0.533333 0.545098 0.619608 0.643137 0.654902 0.603922 0.498039 0.470588 0.470588 0.482353 0.482353 0.501961 0.505882 0.517647 0.494118 0.494118 0.501961 0.521569 0.517647 0.478431 0.505882 0.560784 0.807843 0.901961 0.913725 0.913725 0.901961 0.796078 0.737255 0.662745 0.635294 0.627451 0.619608 0.603922
0.494118 0.490196 0.513725 0.474510 0.470588 0.501961 0.537255 0.466667 0.462745 0.486275 0.505882 0.568627 0.576471 0.784314 0.890196 0.878431 0.807843 0.780392 0.564706 0.470588 0.533333 0.564706 0.533333 0.537255 0.572549 0.803922 0.898039 0.886275 0.815686 0.780392 0.556863 0.572549 0.611765 0.639216 0.639216 0.592157 0.478431 0.470588 0.486275 0.498039 0.494118 0.482353 0.490196 0.498039 0.462745 0.466667 0.458824 0.486275 0.498039 0.478431 0.498039 0.560784 0.827451 0.901961 0.913725 0.913725 0.901961 0.792157 0.737255 0.662745 0.623529 0.619608 0.611765 0.607843
0.494118 0.498039 0.509804 0.513725 0.494118 0.549020 0.533333 0.462745 0.482353 0.486275 0.486275 0.529412 0.564706 0.768627 0.890196 0.874510 0.819608 0.788235 0.580392 0.470588 0.529412 0.568627 0.549020 0.552941 0.600000 0.815686 0.898039 0.886275 0.819608 0.788235 0.568627 0.588235 0.619608 0.635294 0.647059 0.596078 0.462745 0.458824 0.490196 0.462745 0.447059 0.443137 0.454902 0.466667 0.466667 0.490196 0.474510 0.474510 0.466667 0.474510 0.517647 0.580392 0.827451 0.901961 0.909804 0.913725 0.901961 0.792157 0.741176 0.658824 0.631373 0.631373 0.611765 0.596078
0.454902 0.470588 0.474510 0.458824 0.466667 0.537255 0.529412 0.431373 0.439216 0.450980 0.450980 0.521569 0.560784 0.768627 0.890196 0.874510 0.815686 0.788235 0.584314 0.474510 0.537255 0.560784 0.552941 0.568627 0.603922 0.819608 0.898039 0.886275 0.823529 0.792157 0.556863 0.584314 0.631373 0.647059 0.658824 0.611765 0.462745 0.443137 0.466667 0.470588 0.486275 0.490196 0.462745 0.470588 0.478431 0.513725 0.474510 0.435294 0.427451 0.450980 0.494118 0.560784 0.831373 0.905882 0.913725 0.913725 0.898039 0.792157 0.737255 0.662745 0.619608 0.623529 0.603922 0.588235
0.486275 0.537255 0.545098 0.498039 0.482353 0.513725 0.525490 0.478431 0.474510 0.474510 0.486275 0.549020 0.600000 0.800000 0.890196 0.878431 0.823529 0.788235 0.588235 0.486275 0.545098 0.572549 0.560784 0.568627 0.600000 0.823529 0.901961 0.886275 0.827451 0.784314 0.549020 0.576471 0.627451 0.650980 0.666667 0.615686 0.517647 0.486275 0.470588 0.462745 0.470588 0.490196 0.462745 0.450980 0.458824 0.478431 0.462745 0.450980 0.478431 0.490196 0.541176 0.568627 0.815686 0.901961 0.913725 0.913725 0.898039 0.788235 0.733333 0.647059 0.619608 0.615686 0.600000 0.603922
0.462745 0.525490 0.537255 0.490196 0.486275 0.494118 0.509804 0.474510 0.447059 0.431373 0.470588 0.521569 0.556863 0.772549 0.894118 0.874510 0.819608 0.776471 0.584314 0.462745 0.549020 0.576471 0.572549 0.556863 0.600000 0.835294 0.901961 0.886275 0.835294 0.788235 0.552941 0.603922 0.650980 0.678431 0.709804 0.658824 0.537255 0.474510 0.450980 0.435294 0.450980 0.478431 0.466667 0.474510 0.490196 0.482353 0.478431 0.486275 0.501961 0.501961 0.549020 0.576471 0.827451 0.901961 0.913725 0.913725 0.894118 0.780392 0.729412 0.647059 0.639216 0.623529 0.611765 0.603922
0.470588 0.486275 0.490196 0.450980 0.447059 0.474510 0.494118 0.458824 0.454902 0.466667 0.478431 0.549020 0.588235 0.788235 0.886275 0.866667 0.827451 0.776471 0.572549 0.478431 0.564706 0.564706 0.564706 0.560784 0.607843 0.847059 0.901961 0.886275 0.850980 0.811765 0.650980 0.737255 0.796078 0.823529 0.847059 0.772549 0.541176 0.486275 0.509804 0.474510 0.478431 0.505882 0.478431 0.505882 0.490196 0.470588 0.470588 0.486275 0.470588 0.454902 0.482353 0.552941 0.827451 0.901961 0.913725 0.917647 0.894118 0.776471 0.729412 0.647059 0.623529 0.619608 0.607843 0.607843
0.486275 0.498039 0.513725 0.501961 0.486275 0.580392 0.521569 0.478431 0.482353 0.482353 0.470588 0.533333 0.592157 0.803922 0.890196 0.874510 0.831373 0.776471 0.580392 0.494118 0.568627 0.584314 0.592157 0.596078 0.654902 0.854902 0.898039 0.894118 0.882353 0.882353 0.866667 0.882353 0.894118 0.894118 0.878431 0.752941 0.501961 0.486275 0.513725 0.462745 0.443137 0.435294 0.435294 0.466667 0.450980 0.470588 0.470588 0.466667 0.462745 0.482353 0.525490 0.592157 0.843137 0.905882 0.909804 0.909804 0.890196 0.764706 0.725490 0.650980 0.627451 0.619608 0.615686 0.603922
0.447059 0.458824 0.462745 0.478431 0.474510 0.572549 0.482353 0.423529 0.443137 0.443137 0.458824 0.513725 0.568627 0.784314 0.886275 0.866667 0.831373 0.760784 0.607843 0.572549 0.666667 0.717647 0.752941 0.796078 0.831373 0.882353 0.901961 0.898039 0.894118 0.890196 0.882353 0.874510 0.866667 0.850980 0.839216 0.694118 0.462745 0.427451 0.443137 0.450980 0.458824 0.466667 0.474510 0.478431 0.486275 0.501961 0.478431 0.466667 0.450980 0.458824 0.490196 0.564706 0.843137 0.901961 0.913725 0.917647 0.890196 0.768627 0.721569 0.650980 0.623529 0.619608 0.619608 0.607843
0.474510 0.501961 0.486275 0.462745 0.466667 0.541176 0.525490 0.470588 0.474510 0.478431 0.486275 0.556863 0.607843 0.788235 0.882353 0.874510 0.862745 0.847059 0.807843 0.823529 0.850980 0.862745 0.874510 0.878431 0.874510 0.874510 0.874510 0.862745 0.847059 0.835294 0.815686 0.807843 0.796078 0.792157 0.800000 0.694118 0.529412 0.470588 0.454902 0.458824 0.486275 0.494118 0.474510 0.443137 0.439216 0.466667 0.435294 0.439216 0.439216 0.443137 0.482353 0.552941 0.839216 0.901961 0.913725 0.913725 0.886275 0.760784 0.721569 0.647059 0.631373 0.611765 0.603922 0.600000
0.470588 0.513725 0.498039 0.474510 0.478431 0.549020 0.560784 0.486275 0.447059 0.447059 0.458824 0.521569 0.584314 0.792157 0.878431 0.886275 0.882353 0.878431 0.870588 0.874510 0.866667 0.858824 0.850980 0.827451 0.823529 0.811765 0.803922 0.792157 0.788235 0.788235 0.776471 0.776471 0.772549 0.768627 0.772549 0.694118 0.564706 0.454902 0.450980 0.454902 0.454902 0.443137 0.435294 0.431373 0.458824 0.478431 0.466667 0.486275 0.490196 0.478431 0.521569 0.600000 0.843137 0.901961 0.913725 0.909804 0.890196 0.760784 0.725490 0.650980 0.635294 0.623529 0.611765 0.603922
0.478431 0.478431 0.443137 0.443137 0.443137 0.498039 0.509804 0.454902 0.454902 0.443137 0.509804 0.639216 0.662745 0.788235 0.862745 0.866667 0.862745 0.850980 0.831373 0.819608 0.815686 0.800000 0.784314 0.780392 0.776471 0.772549 0.772549 0.768627 0.752941 0.749020 0.713725 0.674510 0.627451 0.576471 0.568627 0.592157 0.501961 0.431373 0.454902 0.466667 0.470588 0.478431 0.486275 0.501961 0.490196 0.494118 0.470588 0.470588 0.462745 0.458824 0.486275 0.603922 0.854902 0.901961 0.913725 0.913725 0.882353 0.760784 0.717647 0.643137 0.623529 0.627451 0.611765 0.603922
