0.40075 0.37564 0.36294 0.37236 0.37105 0.355 0.36709 0.35586 0.36131 0.36639 0.36983 0.37145 0.37848 0.38857 0.39687 0.37372 0.36994 0.37909 0.39038 0.3748 0.36317 0.32406 0.22492 0.15902 0.14555 0.14499 0.13904 0.12777 0.12015 0.12555 0.127 0.11898 0.12224 0.12278 0.12333 0.11889 0.12975 0.13304 0.12932 0.12547 0.11658 0.10386 0.11057 0.11346 0.11373 0.10113 0.094351 0.10116 0.11497 0.10864 0.096428 0.079589 0.085297 0.078011 0.083696 0.10953 0.089793 0.081766 0.083789 0.081109 0.081772 0.071551 0.074954 0.06711
0.43388 0.39409 0.3744 0.37665 0.37606 0.35825 0.36584 0.37666 0.38317 0.39956 0.38631 0.3869 0.37058 0.38259 0.38145 0.36382 0.36085 0.36803 0.38548 0.38252 0.39117 0.37872 0.34226 0.26058 0.18546 0.16535 0.14563 0.13382 0.13317 0.14101 0.13316 0.1198 0.12141 0.1197 0.1201 0.10969 0.11315 0.11657 0.12898 0.1288 0.13012 0.12425 0.13064 0.1314 0.12941 0.10969 0.10719 0.10123 0.11189 0.10598 0.08543 0.084517 0.09665 0.09294 0.10529 0.11078 0.097735 0.085009 0.074304 0.069785 0.070613 0.071862 0.080025 0.074492
0.40943 0.3838 0.36896 0.37624 0.37892 0.36729 0.37103 0.38343 0.38929 0.38118 0.36959 0.37078 0.36547 0.36589 0.37218 0.36681 0.37699 0.37932 0.38693 0.38752 0.38831 0.3801 0.36802 0.34933 0.31093 0.2707 0.21377 0.17255 0.14064 0.12951 0.12563 0.12055 0.12255 0.12808 0.12261 0.12182 0.12444 0.13127 0.13361 0.13397 0.14227 0.14663 0.13933 0.13183 0.12027 0.11648 0.10723 0.11044 0.11023 0.10288 0.09621 0.1001 0.10301 0.099711 0.10932 0.10735 0.097691 0.082793 0.084981 0.078672 0.078677 0.085416 0.076728 0.067651
0.38061 0.36316 0.34781 0.3713 0.36571 0.36196 0.3628 0.37926 0.36984 0.36607 0.37271 0.38399 0.3913 0.38771 0.37858 0.36966 0.37669 0.36684 0.3614 0.36781 0.3811 0.3827 0.38095 0.38375 0.37942 0.36776 0.31689 0.23858 0.17573 0.15188 0.13323 0.13021 0.1245 0.13009 0.13436 0.12862 0.12462 0.13075 0.14296 0.15161 0.13609 0.13101 0.12814 0.12774 0.12688 0.12481 0.12422 0.124 0.11639 0.10825 0.10536 0.096086 0.087637 0.094325 0.10088 0.10269 0.08885 0.088753 0.081932 0.077265 0.077661 0.082 0.080371 0.072935
0.3833 0.37068 0.38244 0.39526 0.38854 0.38212 0.38568 0.39027 0.39136 0.38007 0.36964 0.37022 0.37587 0.36298 0.35169 0.36652 0.37374 0.38514 0.38682 0.39019 0.39152 0.3928 0.39593 0.38014 0.36938 0.35982 0.34913 0.34777 0.3172 0.24634 0.2008 0.15804 0.13887 0.12811 0.11896 0.1024 0.10577 0.1068 0.13392 0.14559 0.13856 0.1429 0.14356 0.13968 0.14423 0.13411 0.12756 0.11614 0.12385 0.11807 0.1272 0.11515 0.10928 0.11306 0.1165 0.10676 0.10067 0.090842 0.090291 0.083924 0.083649 0.074642 0.079149 0.081436
0.37841 0.35531 0.35746 0.381 0.37911 0.37722 0.38552 0.38773 0.37388 0.35627 0.35813 0.36323 0.38197 0.3769 0.3744 0.37796 0.37725 0.38303 0.37398 0.37853 0.36066 0.36222 0.38005 0.38529 0.39528 0.39622 0.39717 0.38402 0.39005 0.3794 0.3145 0.21456 0.16273 0.13797 0.12901 0.11173 0.11043 0.11848 0.13361 0.1459 0.14862 0.14384 0.14454 0.13601 0.13172 0.13014 0.12703 0.12444 0.13939 0.12715 0.12818 0.1086 0.1029 0.10124 0.11123 0.10666 0.10335 0.096101 0.10055 0.093784 0.08498 0.081185 0.084397 0.084697
0.41003 0.38089 0.38005 0.38376 0.37705 0.3739 0.37528 0.39116 0.37997 0.37008 0.37221 0.37378 0.37613 0.38156 0.38234 0.37991 0.36558 0.36684 0.37843 0.38455 0.38298 0.3879 0.38858 0.3927 0.3916 0.38695 0.37581 0.36732 0.37475 0.3843 0.37633 0.33847 0.27009 0.19565 0.15638 0.12743 0.11963 0.11735 0.13031 0.13329 0.13384 0.13526 0.14569 0.14657 0.14027 0.13505 0.13613 0.13363 0.13047 0.13468 0.12554 0.12238 0.11681 0.11685 0.10862 0.11493 0.1034 0.11212 0.10709 0.1028 0.086592 0.086752 0.084061 0.080904
0.38626 0.36507 0.35925 0.36404 0.36762 0.36934 0.38203 0.40211 0.39131 0.38161 0.37915 0.36647 0.36272 0.37115 0.37473 0.37924 0.3802 0.37775 0.38336 0.38123 0.37902 0.37827 0.36805 0.37373 0.37424 0.37503 0.37733 0.3936 0.3972 0.38828 0.38766 0.37777 0.36432 0.30362 0.22541 0.17519 0.1447 0.13783 0.12702 0.12989 0.13298 0.13811 0.14659 0.14314 0.1353 0.12563 0.12815 0.12988 0.12353 0.1252 0.12205 0.12895 0.12646 0.11462 0.10364 0.11694 0.11832 0.11299 0.11993 0.098795 0.091019 0.097744 0.091503 0.080328
0.38429 0.37577 0.37133 0.37439 0.36978 0.36423 0.37323 0.39243 0.3662 0.36834 0.36203 0.37088 0.37296 0.37846 0.38058 0.38255 0.38251 0.37129 0.37031 0.3609 0.36693 0.37324 0.37238 0.36885 0.38349 0.38775 0.38206 0.39221 0.38947 0.38232 0.37856 0.37847 0.37109 0.36176 0.35272 0.29116 0.2106 0.17444 0.14882 0.13962 0.13363 0.1293 0.13431 0.13098 0.1351 0.13857 0.14159 0.1309 0.12828 0.11825 0.12528 0.13124 0.13809 0.12449 0.11138 0.11041 0.12034 0.11081 0.12091 0.10077 0.09416 0.10008 0.090751 0.09408
0.38322 0.38462 0.37692 0.39811 0.38519 0.37785 0.37834 0.39249 0.38411 0.38703 0.37792 0.37794 0.37676 0.37542 0.37108 0.38274 0.38856 0.37659 0.37393 0.37507 0.3801 0.38436 0.39427 0.38037 0.38085 0.37806 0.38379 0.39006 0.38275 0.37225 0.36922 0.378 0.37304 0.39019 0.37661 0.36468 0.34086 0.28676 0.22062 0.16764 0.15252 0.14729 0.13738 0.13747 0.1357 0.12791 0.13453 0.12556 0.11524 0.11207 0.11711 0.11638 0.13133 0.12688 0.12051 0.12961 0.12667 0.12042 0.11477 0.10741 0.10456 0.10321 0.11564 0.12046
0.37203 0.35921 0.37716 0.38585 0.37227 0.3695 0.37256 0.38877 0.382 0.37729 0.37163 0.38356 0.37872 0.37743 0.38321 0.38224 0.37933 0.38437 0.37811 0.37019 0.37027 0.36933 0.37377 0.3706 0.38628 0.38936 0.38913 0.39095 0.38889 0.38884 0.37649 0.36477 0.35745 0.37699 0.37363 0.3767 0.37897 0.39005 0.35524 0.28942 0.20678 0.17214 0.14692 0.13277 0.13878 0.13553 0.12337 0.11986 0.11922 0.12263 0.12765 0.13065 0.1194 0.118 0.12446 0.13021 0.123 0.12055 0.11608 0.12054 0.11754 0.12098 0.12969 0.13974
0.41251 0.3792 0.37153 0.37347 0.38361 0.37584 0.35821 0.37429 0.37309 0.37238 0.3756 0.38867 0.38746 0.38553 0.40447 0.39088 0.38646 0.37651 0.37706 0.37165 0.37413 0.37292 0.38108 0.38495 0.38948 0.38181 0.39643 0.3858 0.37539 0.39287 0.38206 0.3929 0.38428 0.40784 0.40916 0.39454 0.38983 0.38402 0.37159 0.35985 0.345 0.28 0.21496 0.16437 0.13205 0.13151 0.13111 0.12954 0.12858 0.12393 0.11696 0.12259 0.12176 0.12407 0.12702 0.13485 0.13436 0.12843 0.12885 0.12788 0.12511 0.12327 0.12719 0.12925
0.40805 0.37515 0.37198 0.37617 0.37576 0.38644 0.38333 0.39647 0.3896 0.38185 0.39077 0.39553 0.37118 0.37059 0.37843 0.37832 0.38222 0.3807 0.38315 0.37806 0.38888 0.37786 0.37384 0.36375 0.37048 0.3741 0.37759 0.37864 0.38557 0.38874 0.3867 0.40182 0.3817 0.3886 0.38152 0.37617 0.37422 0.37409 0.38505 0.38346 0.38008 0.37769 0.33748 0.2403 0.17496 0.14687 0.13564 0.12406 0.12131 0.12837 0.11718 0.12936 0.13726 0.13984 0.14102 0.13704 0.13486 0.13173 0.13393 0.12411 0.12516 0.12309 0.12335 0.11383
0.38302 0.35333 0.35163 0.35517 0.35188 0.36686 0.37951 0.39422 0.38129 0.37758 0.38291 0.3784 0.37622 0.38 0.37683 0.37923 0.38501 0.38149 0.36886 0.36661 0.37489 0.3664 0.35824 0.36032 0.36838 0.37107 0.37884 0.38375 0.38513 0.3751 0.38215 0.38098 0.36443 0.36299 0.36652 0.38492 0.40118 0.39441 0.38587 0.39211 0.38425 0.38117 0.38075 0.34654 0.25734 0.1915 0.16666 0.14659 0.13841 0.13166 0.13234 0.13444 0.12165 0.10735 0.11115 0.11481 0.11446 0.12535 0.12406 0.12149 0.135 0.1267 0.12817 0.12602
0.36559 0.36938 0.36997 0.37371 0.37561 0.37609 0.3797 0.3855 0.37305 0.37679 0.37974 0.38263 0.38072 0.37582 0.37339 0.37276 0.36754 0.37246 0.37278 0.37525 0.38802 0.39073 0.39617 0.37342 0.36424 0.36417 0.36166 0.36261 0.36525 0.372 0.37392 0.3784 0.37724 0.38438 0.37843 0.3899 0.39061 0.38056 0.37637 0.37909 0.37499 0.38103 0.38427 0.39101 0.37898 0.34387 0.27395 0.17964 0.14699 0.12854 0.12637 0.12548 0.12597 0.12452 0.12591 0.11998 0.11656 0.12847 0.12557 0.12974 0.12038 0.11799 0.12121 0.13394
0.35929 0.36169 0.36831 0.37301 0.37009 0.37166 0.37569 0.38475 0.38365 0.37739 0.37929 0.37029 0.36182 0.36227 0.35664 0.37125 0.37703 0.38236 0.37985 0.38711 0.38912 0.38416 0.3761 0.35959 0.36294 0.36954 0.37138 0.37377 0.37885 0.37968 0.37499 0.37092 0.36822 0.36453 0.36489 0.37548 0.37676 0.38238 0.38461 0.39056 0.40232 0.39038 0.37765 0.37612 0.37184 0.35792 0.35691 0.32781 0.2515 0.18154 0.14754 0.142 0.13203 0.12339 0.12483 0.12275 0.11707 0.1181 0.12382 0.12633 0.12876 0.13583 0.14085 0.14606
0.40607 0.38002 0.37051 0.3734 0.37718 0.36196 0.36461 0.37347 0.36756 0.38442 0.38402 0.38175 0.37488 0.38371 0.38337 0.38373 0.37435 0.37261 0.38031 0.37694 0.35898 0.38034 0.37282 0.37664 0.38218 0.37533 0.37487 0.37299 0.3642 0.36159 0.35829 0.37494 0.37745 0.37716 0.39656 0.39853 0.39553 0.38913 0.3903 0.38019 0.38127 0.37498 0.35738 0.36489 0.37445 0.37471 0.38417 0.38728 0.37115 0.29382 0.22194 0.17812 0.15899 0.13675 0.12532 0.13092 0.12704 0.13064 0.14351 0.14288 0.14933 0.16005 0.17436 0.17755
0.40722 0.38657 0.37759 0.38424 0.3834 0.36955 0.37995 0.39672 0.3929 0.40988 0.38624 0.37717 0.37317 0.37973 0.36079 0.37725 0.37922 0.37355 0.38708 0.3923 0.38634 0.3843 0.37305 0.38135 0.38273 0.37005 0.36366 0.36801 0.36708 0.37024 0.37551 0.37931 0.38088 0.37801 0.39326 0.39069 0.37298 0.36624 0.37065 0.36005 0.37976 0.39165 0.39042 0.38075 0.37061 0.37609 0.36937 0.36951 0.36855 0.36635 0.35057 0.31148 0.23275 0.17334 0.14558 0.14874 0.14753 0.15927 0.1761 0.18973 0.21691 0.25789 0.30368 0.31827
0.39505 0.36689 0.3526 0.36357 0.36347 0.36639 0.38375 0.39533 0.36824 0.37107 0.3541 0.36502 0.38053 0.38501 0.38329 0.38401 0.38969 0.38517 0.37692 0.37254 0.36485 0.36575 0.36496 0.38485 0.39654 0.38363 0.38122 0.38558 0.37755 0.37546 0.37393 0.37771 0.37279 0.36392 0.37358 0.38088 0.38955 0.38683 0.37526 0.37336 0.38007 0.36945 0.36123 0.35665 0.3613 0.36494 0.35462 0.36405 0.3859 0.39462 0.37757 0.37118 0.34051 0.25941 0.20644 0.20025 0.22578 0.25116 0.293 0.32816 0.34924 0.37798 0.41979 0.45411
0.37254 0.366 0.37081 0.39118 0.37297 0.3672 0.38635 0.39368 0.37227 0.37748 0.37726 0.38305 0.38923 0.36985 0.3561 0.35486 0.37616 0.38252 0.3673 0.37063 0.38457 0.39067 0.38353 0.38559 0.38254 0.37018 0.37561 0.37004 0.36527 0.36855 0.36509 0.37655 0.37927 0.38549 0.37639 0.38157 0.39513 0.37629 0.36164 0.37134 0.37011 0.35775 0.37934 0.36913 0.38154 0.38912 0.38796 0.38326 0.38554 0.38322 0.35505 0.31859 0.28732 0.31479 0.33618 0.3372 0.36542 0.38244 0.40254 0.4322 0.45814 0.4826 0.51343 0.53954
0.36376 0.37258 0.38161 0.39489 0.37846 0.3714 0.38803 0.38906 0.38745 0.38317 0.38534 0.38341 0.39013 0.36768 0.37056 0.38385 0.38826 0.39712 0.37798 0.37111 0.3847 0.37974 0.37338 0.36591 0.37226 0.37164 0.3736 0.38492 0.39472 0.38514 0.38169 0.38397 0.38366 0.38477 0.37222 0.3707 0.37205 0.37539 0.37215 0.38328 0.38293 0.37995 0.39364 0.37977 0.37776 0.38202 0.382 0.36871 0.36115 0.36449 0.35622 0.24466 0.22349 0.33787 0.3868 0.42609 0.47246 0.49816 0.51651 0.52151 0.54159 0.545 0.55772 0.55887
0.37354 0.36874 0.37146 0.37702 0.35964 0.37222 0.37768 0.37776 0.3659 0.37968 0.37157 0.3813 0.39128 0.39261 0.3805 0.37235 0.37913 0.3847 0.3834 0.37299 0.35963 0.36111 0.37194 0.35939 0.37728 0.38345 0.3861 0.38623 0.38297 0.36721 0.3669 0.36739 0.37136 0.36968 0.37957 0.38604 0.38476 0.38577 0.36841 0.37837 0.36631 0.3763 0.37319 0.36772 0.36079 0.37048 0.37563 0.37304 0.39286 0.39195 0.37221 0.24825 0.19563 0.35015 0.42379 0.50594 0.54661 0.55631 0.55747 0.55213 0.54911 0.53331 0.51941 0.50884
0.38527 0.37332 0.37489 0.38017 0.37094 0.38032 0.38846 0.38945 0.37687 0.39439 0.38619 0.38126 0.37463 0.36293 0.36466 0.3537 0.36435 0.37878 0.38828 0.3811 0.3875 0.38428 0.37408 0.37121 0.37645 0.37107 0.37051 0.37304 0.36997 0.37211 0.37882 0.38616 0.38235 0.37554 0.393 0.37303 0.3667 0.36956 0.35647 0.35769 0.36594 0.38362 0.39251 0.38939 0.37621 0.37524 0.37637 0.37283 0.36338 0.35982 0.34507 0.27493 0.17735 0.38623 0.51282 0.54954 0.54559 0.53072 0.50501 0.47249 0.43472 0.40745 0.39086 0.39924
0.37805 0.36429 0.3724 0.37139 0.3732 0.37737 0.39405 0.38687 0.37386 0.38011 0.36678 0.37426 0.3703 0.37266 0.37502 0.38183 0.39479 0.38779 0.38338 0.38594 0.375 0.37367 0.358 0.36504 0.37456 0.37999 0.38857 0.37594 0.37663 0.38163 0.37654 0.38195 0.38321 0.38037 0.37916 0.3603 0.37838 0.39694 0.38837 0.38587 0.3861 0.39071 0.38396 0.37389 0.36328 0.37549 0.37031 0.36928 0.35583 0.3693 0.36331 0.34237 0.25463 0.49019 0.61299 0.55316 0.52782 0.4503 0.39492 0.38182 0.37117 0.36948 0.36538 0.36323
0.36448 0.34795 0.36232 0.37934 0.36044 0.36765 0.38213 0.38392 0.36803 0.38015 0.38167 0.39492 0.38765 0.37521 0.36956 0.37558 0.3685 0.36143 0.35416 0.35563 0.37373 0.37392 0.3734 0.37249 0.36977 0.37256 0.37365 0.37025 0.36771 0.36547 0.37364 0.36492 0.36827 0.36831 0.36376 0.35991 0.38352 0.40031 0.38871 0.37028 0.37281 0.37548 0.36163 0.36926 0.37151 0.36731 0.36124 0.37359 0.37804 0.37733 0.38236 0.3742 0.35666 0.59913 0.73857 0.60248 0.54804 0.45866 0.32384 0.27631 0.27162 0.30076 0.33025 0.34066
0.38209 0.35968 0.37781 0.391 0.37784 0.38203 0.38831 0.39634 0.37468 0.37327 0.37681 0.38462 0.36971 0.36321 0.37395 0.37126 0.37876 0.37982 0.38447 0.37868 0.37696 0.36782 0.36681 0.36919 0.36944 0.36535 0.37767 0.38083 0.38475 0.37768 0.38351 0.37623 0.37729 0.38244 0.3822 0.39844 0.39607 0.38497 0.36917 0.36566 0.37619 0.38364 0.38497 0.38347 0.38246 0.36883 0.35815 0.35375 0.3518 0.3609 0.3637 0.35733 0.4145 0.74468 0.8108 0.66805 0.61354 0.5055 0.28754 0.22543 0.20881 0.25811 0.31864 0.33351
0.36382 0.35069 0.36197 0.38233 0.3749 0.36496 0.36087 0.36819 0.35493 0.36168 0.36244 0.37039 0.36772 0.37469 0.37868 0.39624 0.39376 0.37896 0.37324 0.36614 0.36109 0.36583 0.37024 0.36293 0.36428 0.37358 0.37194 0.38048 0.38846 0.39196 0.39205 0.40257 0.41549 0.42298 0.41306 0.41116 0.39329 0.38378 0.37705 0.38042 0.38267 0.37786 0.37041 0.36675 0.36439 0.35824 0.34762 0.36502 0.36673 0.37478 0.37234 0.38972 0.48826 0.84825 0.86384 0.71354 0.67463 0.52401 0.28715 0.24553 0.20521 0.26971 0.3271 0.34655
0.36348 0.37148 0.38419 0.37657 0.36801 0.36081 0.37675 0.37895 0.36574 0.38021 0.37812 0.36627 0.35677 0.37277 0.37861 0.37031 0.3657 0.36135 0.37199 0.37922 0.37799 0.36669 0.35571 0.3696 0.3823 0.39439 0.40979 0.43079 0.42264 0.40232 0.39669 0.40813 0.41713 0.40445 0.3851 0.38173 0.37178 0.37109 0.36828 0.36269 0.36342 0.36668 0.37198 0.37208 0.37358 0.37308 0.38133 0.38332 0.38207 0.37597 0.37452 0.38554 0.51463 0.88527 0.92808 0.75085 0.7154 0.5276 0.28458 0.28819 0.27795 0.3186 0.3549 0.36729
0.36347 0.36601 0.36914 0.35945 0.37278 0.37645 0.39258 0.39151 0.37409 0.37443 0.3617 0.33809 0.30891 0.32388 0.34313 0.36326 0.36971 0.37322 0.38634 0.39206 0.39194 0.39475 0.38985 0.39858 0.40253 0.43511 0.52469 0.54892 0.44881 0.3866 0.37125 0.3662 0.36563 0.37461 0.37008 0.36365 0.36209 0.37116 0.3717 0.36742 0.37345 0.38311 0.38112 0.37105 0.36665 0.36646 0.37133 0.36829 0.36942 0.35267 0.35911 0.38206 0.52855 0.90328 0.95153 0.79851 0.73981 0.53679 0.29292 0.33438 0.33928 0.36095 0.36179 0.37076
0.36925 0.37679 0.37024 0.36324 0.365 0.36915 0.39348 0.3806 0.35377 0.37092 0.36492 0.33677 0.18122 0.17117 0.27032 0.35341 0.38001 0.39062 0.39641 0.40494 0.41088 0.43024 0.42742 0.42661 0.39101 0.41688 0.59772 0.6051 0.4779 0.32396 0.31401 0.30991 0.33211 0.35704 0.35346 0.36159 0.37154 0.37631 0.3775 0.37246 0.37325 0.37668 0.36591 0.36296 0.35783 0.35067 0.36922 0.36662 0.37679 0.37131 0.37588 0.38658 0.53695 0.90922 0.95085 0.83725 0.74971 0.54886 0.31474 0.35755 0.3522 0.3605 0.36271 0.37338
0.36474 0.3759 0.3767 0.38482 0.37794 0.38049 0.41172 0.41193 0.38526 0.3822 0.37232 0.3312 0.20174 0.1598 0.31151 0.38984 0.40678 0.41434 0.43064 0.42798 0.39065 0.35361 0.32697 0.30035 0.2866 0.28342 0.65281 0.66938 0.49925 0.31745 0.2923 0.27838 0.32099 0.34566 0.35576 0.37276 0.36824 0.36258 0.35398 0.35397 0.35708 0.35795 0.36382 0.36734 0.38935 0.37979 0.37621 0.37137 0.37423 0.35691 0.35367 0.38141 0.53952 0.91059 0.94888 0.88037 0.76407 0.55976 0.35057 0.36826 0.3436 0.35229 0.3635 0.36874
0.35171 0.35584 0.3746 0.3782 0.38393 0.37604 0.4 0.39395 0.37251 0.36577 0.35446 0.3327 0.26617 0.17185 0.365 0.46201 0.40892 0.33158 0.22785 0.18496 0.15644 0.13671 0.11929 0.10155 0.14082 0.2581 0.65655 0.70305 0.50097 0.34734 0.31905 0.29666 0.33007 0.36071 0.35927 0.37206 0.37311 0.37235 0.39338 0.39765 0.38698 0.37584 0.36874 0.36932 0.37481 0.35472 0.34573 0.35136 0.35581 0.36665 0.38073 0.39758 0.56785 0.92265 0.95204 0.931 0.80527 0.6 0.40148 0.38028 0.36396 0.37823 0.38143 0.38246
0.37385 0.37772 0.38818 0.37434 0.36506 0.37056 0.38191 0.37423 0.36921 0.37483 0.39135 0.38774 0.37066 0.30237 0.44855 0.60138 0.45339 0.2905 0.18672 0.08471 0.076506 0.080187 0.091725 0.10554 0.1433 0.27197 0.67799 0.74073 0.50454 0.37154 0.33509 0.29933 0.33364 0.3533 0.36912 0.37198 0.38048 0.38236 0.38645 0.39263 0.36781 0.35731 0.35146 0.354 0.36197 0.36674 0.37476 0.37667 0.37239 0.37109 0.38142 0.40587 0.64695 0.94548 0.96263 0.95993 0.85677 0.67435 0.47007 0.40605 0.37232 0.38433 0.37605 0.37073
0.36283 0.36721 0.36815 0.36126 0.3725 0.3805 0.38674 0.38744 0.37651 0.37881 0.37993 0.37204 0.37972 0.3617 0.50779 0.63861 0.49172 0.34158 0.23013 0.10952 0.086507 0.07563 0.091285 0.12347 0.15451 0.31459 0.74299 0.79994 0.56206 0.41753 0.33041 0.32096 0.34222 0.35722 0.3683 0.37387 0.37644 0.36317 0.37626 0.37057 0.37614 0.36252 0.36947 0.3855 0.38338 0.3783 0.37054 0.37173 0.3698 0.36233 0.35501 0.39479 0.67222 0.95488 0.96672 0.97139 0.8762 0.72271 0.51361 0.43293 0.37569 0.37761 0.37875 0.38564
0.35661 0.36669 0.36166 0.35537 0.36031 0.37246 0.3826 0.36894 0.35709 0.36462 0.37246 0.37227 0.37829 0.39695 0.57566 0.66867 0.49763 0.36043 0.25205 0.10961 0.093084 0.082887 0.11531 0.14311 0.20779 0.4145 0.87855 0.89232 0.66418 0.46763 0.34431 0.34464 0.35105 0.36616 0.38554 0.38825 0.38139 0.3836 0.39665 0.38034 0.3717 0.36927 0.37692 0.36996 0.36117 0.35493 0.36196 0.36374 0.37205 0.36264 0.3639 0.38848 0.67392 0.95163 0.97078 0.97369 0.88936 0.74837 0.55219 0.47177 0.38959 0.3816 0.38368 0.37703
0.37314 0.37795 0.3899 0.3773 0.36944 0.36657 0.38832 0.37865 0.37759 0.37013 0.38107 0.3719 0.40192 0.46006 0.69991 0.74127 0.51013 0.38404 0.27034 0.11852 0.10725 0.1085 0.13523 0.20131 0.25731 0.53417 0.91601 0.95112 0.74755 0.49258 0.3438 0.35864 0.35476 0.36734 0.37745 0.38962 0.39293 0.38552 0.38372 0.37101 0.36382 0.3678 0.36445 0.38422 0.37139 0.37622 0.3814 0.36766 0.38034 0.37098 0.371 0.39715 0.6635 0.9517 0.96863 0.97173 0.91834 0.77563 0.60818 0.52621 0.45107 0.40003 0.38488 0.39449
0.35309 0.36164 0.38783 0.38068 0.36751 0.37632 0.38602 0.38121 0.37475 0.36099 0.36762 0.36595 0.39124 0.48443 0.83603 0.8442 0.59705 0.43303 0.29643 0.12908 0.12222 0.1312 0.15414 0.2385 0.26048 0.58323 0.9203 0.96096 0.78073 0.5028 0.34102 0.35828 0.35749 0.37366 0.3846 0.39592 0.37916 0.3735 0.3707 0.37292 0.37036 0.37735 0.37744 0.37734 0.37227 0.36842 0.36824 0.3538 0.3614 0.35064 0.3566 0.38619 0.65012 0.95231 0.97028 0.97318 0.94249 0.81176 0.65861 0.57455 0.54308 0.53036 0.42286 0.38783
0.3709 0.37592 0.38195 0.37235 0.36394 0.37662 0.37866 0.3712 0.37211 0.37882 0.37671 0.38054 0.39553 0.50852 0.88177 0.93286 0.69563 0.47963 0.32044 0.15518 0.12835 0.13996 0.16857 0.24818 0.26129 0.59648 0.91971 0.9598 0.79106 0.51992 0.34016 0.36269 0.37497 0.38133 0.38514 0.39966 0.40544 0.39083 0.3735 0.38061 0.38009 0.37618 0.36925 0.35866 0.36386 0.36225 0.36115 0.37244 0.37012 0.37691 0.38291 0.41708 0.66779 0.94709 0.96451 0.97415 0.95881 0.84111 0.69165 0.6021 0.55209 0.55648 0.44675 0.39446
0.36032 0.37703 0.38538 0.37902 0.37183 0.38271 0.39412 0.37727 0.40349 0.38944 0.37203 0.38614 0.40732 0.52658 0.8853 0.96296 0.75862 0.50066 0.32586 0.16712 0.14077 0.1518 0.19068 0.26053 0.26512 0.59935 0.91927 0.95598 0.81762 0.59159 0.35757 0.35777 0.35961 0.37443 0.39649 0.40587 0.39052 0.37347 0.35232 0.35239 0.36298 0.35857 0.37693 0.38505 0.37675 0.38386 0.38924 0.38496 0.38034 0.38447 0.38429 0.42563 0.68138 0.94641 0.9688 0.97573 0.96801 0.8593 0.70963 0.61654 0.547 0.53724 0.44391 0.397
0.36228 0.36137 0.37495 0.37229 0.36021 0.368 0.38896 0.3726 0.37708 0.36627 0.36847 0.37353 0.39917 0.52401 0.87239 0.96731 0.78053 0.51898 0.3282 0.16292 0.14206 0.14952 0.18328 0.2568 0.26921 0.60861 0.92844 0.95103 0.83457 0.69964 0.43077 0.36776 0.38047 0.39043 0.39509 0.40276 0.39204 0.39093 0.37348 0.37988 0.37716 0.3755 0.37844 0.3803 0.37742 0.38359 0.38246 0.37521 0.38253 0.38285 0.37821 0.42198 0.70001 0.95187 0.96734 0.97308 0.97023 0.86877 0.73083 0.62179 0.549 0.51997 0.4645 0.436
0.37465 0.39011 0.39484 0.38603 0.37116 0.38208 0.40113 0.38453 0.38075 0.37029 0.37093 0.37681 0.40961 0.54249 0.87848 0.96425 0.78968 0.56282 0.33504 0.15943 0.14061 0.15861 0.20621 0.26285 0.29302 0.63953 0.94217 0.94596 0.83743 0.77673 0.49813 0.38368 0.39046 0.39586 0.4007 0.41373 0.40415 0.38621 0.38132 0.37539 0.36647 0.37091 0.36909 0.36979 0.37106 0.3732 0.38291 0.38054 0.39623 0.38688 0.3812 0.42227 0.73224 0.94735 0.97327 0.97575 0.9705 0.8714 0.74154 0.63248 0.55274 0.53028 0.49031 0.46629
0.37329 0.37897 0.39331 0.38364 0.36546 0.38192 0.39918 0.3967 0.38033 0.36998 0.37105 0.37059 0.39867 0.55598 0.8844 0.96017 0.81643 0.64912 0.35336 0.16041 0.15258 0.19597 0.26903 0.28734 0.33467 0.67681 0.94431 0.94349 0.8364 0.78448 0.50685 0.38407 0.39129 0.38862 0.40678 0.42306 0.3911 0.37507 0.37765 0.37252 0.3648 0.3612 0.37048 0.38813 0.38428 0.38832 0.38814 0.39193 0.38277 0.36275 0.3578 0.41445 0.73818 0.95355 0.973 0.97343 0.9637 0.86557 0.72451 0.63374 0.55457 0.53187 0.51734 0.49297
0.36561 0.37653 0.39348 0.38569 0.37536 0.38242 0.38797 0.37427 0.35191 0.35703 0.36264 0.3629 0.39509 0.55541 0.89085 0.95748 0.82678 0.73959 0.42446 0.20209 0.18131 0.26055 0.33358 0.31996 0.36873 0.70109 0.94832 0.94389 0.82581 0.77975 0.50762 0.37743 0.38456 0.40058 0.41258 0.40009 0.37932 0.38226 0.39084 0.38397 0.37891 0.38629 0.38374 0.38174 0.36896 0.36115 0.35025 0.35174 0.3643 0.3658 0.37222 0.42549 0.75709 0.95254 0.97452 0.97289 0.96692 0.84856 0.71681 0.62527 0.55829 0.54282 0.52898 0.51943
0.36236 0.36784 0.37746 0.37346 0.37565 0.37409 0.38512 0.37231 0.36375 0.37649 0.37973 0.37892 0.39933 0.55699 0.9007 0.95225 0.82238 0.78381 0.48007 0.24919 0.24757 0.31027 0.3479 0.33138 0.37482 0.70161 0.94654 0.94353 0.82412 0.76222 0.50942 0.36811 0.3912 0.40805 0.41618 0.40376 0.37627 0.36874 0.37643 0.37689 0.35912 0.35373 0.35781 0.36292 0.37211 0.36383 0.37001 0.37619 0.38142 0.38155 0.38059 0.4575 0.76884 0.95849 0.9736 0.97186 0.95901 0.84477 0.71362 0.61934 0.56425 0.54894 0.5434 0.54377
0.36375 0.36941 0.36892 0.36185 0.36977 0.3942 0.40029 0.36661 0.36348 0.37616 0.36307 0.36482 0.39761 0.56563 0.90175 0.95543 0.82542 0.79271 0.4897 0.25701 0.28124 0.33072 0.34982 0.33911 0.39126 0.70965 0.94152 0.94136 0.81726 0.74069 0.50862 0.37197 0.39502 0.40676 0.42944 0.4174 0.37524 0.35896 0.36018 0.37568 0.37544 0.38143 0.37437 0.37295 0.37536 0.38013 0.37817 0.3742 0.36497 0.36565 0.37878 0.45318 0.77078 0.95421 0.97274 0.9696 0.96475 0.8489 0.71685 0.61755 0.56564 0.55371 0.5507 0.54803
0.37384 0.37119 0.38219 0.36839 0.36882 0.38553 0.40766 0.36701 0.36535 0.37418 0.36699 0.38432 0.41271 0.58749 0.90522 0.9524 0.83042 0.79386 0.49495 0.26062 0.30461 0.34141 0.35408 0.34137 0.39509 0.71098 0.94124 0.94038 0.82741 0.75055 0.50534 0.37119 0.40334 0.4302 0.46963 0.4429 0.397 0.3774 0.37773 0.38479 0.3933 0.38648 0.37048 0.36411 0.356 0.36686 0.36621 0.37559 0.37848 0.36685 0.37772 0.4488 0.77357 0.95226 0.96976 0.97363 0.96057 0.84793 0.71987 0.6191 0.56726 0.55292 0.54584 0.54943
0.37221 0.37482 0.38236 0.38112 0.38028 0.38859 0.4088 0.381 0.36547 0.3628 0.3739 0.38667 0.44131 0.6412 0.915 0.95195 0.83494 0.79362 0.49428 0.26689 0.32448 0.34472 0.35649 0.35105 0.40771 0.72281 0.95248 0.94355 0.83706 0.77909 0.50483 0.39286 0.42315 0.48093 0.50714 0.44718 0.38901 0.38135 0.38213 0.37693 0.36901 0.37146 0.37202 0.38874 0.38233 0.38177 0.37482 0.38007 0.39019 0.3776 0.38566 0.4419 0.76308 0.95371 0.96271 0.96896 0.96271 0.84571 0.72886 0.62093 0.57137 0.54803 0.54663 0.54027
0.36318 0.37414 0.38245 0.36597 0.36264 0.36255 0.38212 0.36297 0.35695 0.36488 0.3759 0.40318 0.4801 0.66825 0.91681 0.94725 0.84056 0.79879 0.49726 0.25997 0.33104 0.36142 0.36193 0.36013 0.41455 0.74081 0.95085 0.94336 0.8417 0.79703 0.50006 0.37909 0.45335 0.51378 0.52791 0.47662 0.37742 0.37278 0.37154 0.37317 0.3673 0.38251 0.38361 0.40107 0.37635 0.36718 0.36152 0.37133 0.37416 0.36583 0.37221 0.43289 0.75805 0.95277 0.97297 0.97369 0.96592 0.84265 0.71936 0.63498 0.57281 0.55493 0.55041 0.54454
0.3774 0.38295 0.38691 0.38564 0.37907 0.38467 0.38333 0.3747 0.38032 0.39122 0.38384 0.41561 0.48707 0.68704 0.92384 0.94424 0.83699 0.80203 0.49124 0.26318 0.34266 0.35628 0.3622 0.3604 0.43634 0.76271 0.95605 0.93877 0.83245 0.79651 0.50014 0.38554 0.46024 0.52424 0.55335 0.51278 0.37925 0.3803 0.38129 0.38887 0.37946 0.36505 0.38575 0.3866 0.36365 0.36445 0.35339 0.36492 0.3663 0.36813 0.39178 0.46078 0.77366 0.95861 0.97206 0.97513 0.9668 0.84246 0.71896 0.63182 0.57281 0.55503 0.55073 0.54872
0.36034 0.38421 0.38563 0.37662 0.37167 0.37936 0.40274 0.3724 0.36969 0.38736 0.39214 0.41481 0.4643 0.70525 0.93982 0.94554 0.83967 0.80177 0.49112 0.26073 0.34393 0.35621 0.36064 0.37922 0.45753 0.78648 0.95395 0.94154 0.82783 0.7973 0.49744 0.38377 0.4725 0.53716 0.56271 0.53418 0.39277 0.37128 0.36083 0.3667 0.37251 0.3658 0.37997 0.38546 0.36997 0.37681 0.37195 0.36862 0.36661 0.36388 0.39531 0.475 0.79176 0.95525 0.97157 0.97117 0.96791 0.84383 0.72622 0.62343 0.56061 0.54794 0.54682 0.53707
0.35964 0.38182 0.38084 0.36889 0.37015 0.38317 0.38915 0.36086 0.35583 0.3726 0.38944 0.42456 0.47392 0.76137 0.94191 0.94417 0.84205 0.79947 0.49032 0.28168 0.36325 0.37246 0.36177 0.39135 0.48072 0.81778 0.9568 0.94388 0.82932 0.7896 0.49859 0.40603 0.50143 0.54839 0.56896 0.53894 0.38639 0.36621 0.37279 0.37334 0.37106 0.36973 0.38114 0.38593 0.3695 0.37928 0.37074 0.3522 0.35225 0.35714 0.39874 0.46944 0.80523 0.95449 0.97414 0.97632 0.96574 0.84874 0.73179 0.61609 0.5641 0.5494 0.5433 0.5414
0.36426 0.37941 0.38839 0.37579 0.38226 0.39228 0.41339 0.3908 0.37479 0.37562 0.38811 0.42096 0.49304 0.77501 0.95573 0.94306 0.84053 0.79758 0.49348 0.3243 0.3825 0.39292 0.36178 0.40788 0.49189 0.83393 0.95658 0.94581 0.83009 0.78096 0.4984 0.45658 0.52453 0.55249 0.56478 0.53788 0.39837 0.39356 0.37822 0.37013 0.36934 0.37452 0.36965 0.36556 0.3585 0.37374 0.38097 0.38645 0.38872 0.38457 0.40855 0.49925 0.82822 0.96021 0.96299 0.97364 0.96483 0.84256 0.71629 0.62498 0.57089 0.55939 0.54557 0.54618
0.37906 0.3955 0.409 0.38434 0.37264 0.38146 0.38555 0.36624 0.3572 0.35647 0.37185 0.41429 0.48714 0.7893 0.94932 0.9421 0.83965 0.79301 0.50047 0.35458 0.38909 0.40093 0.38523 0.41503 0.49719 0.8402 0.95512 0.94067 0.83369 0.78809 0.49092 0.48342 0.54403 0.55515 0.56755 0.52955 0.37717 0.36526 0.36953 0.3705 0.37747 0.38706 0.38339 0.39356 0.39356 0.38448 0.38072 0.3869 0.38412 0.37635 0.3994 0.48787 0.84796 0.95871 0.96936 0.97303 0.9575 0.81892 0.71374 0.61918 0.57664 0.56233 0.55354 0.54328
0.37774 0.37535 0.38123 0.37157 0.36943 0.3906 0.40376 0.35749 0.35573 0.36663 0.37934 0.4272 0.48222 0.79209 0.95311 0.94279 0.84511 0.79072 0.50384 0.36185 0.39603 0.41436 0.4155 0.42868 0.49631 0.84166 0.95437 0.93863 0.84687 0.79779 0.48613 0.50891 0.54738 0.5566 0.57445 0.53405 0.3796 0.37588 0.38569 0.38859 0.37669 0.37672 0.37146 0.3723 0.35558 0.36619 0.36572 0.3828 0.3812 0.37014 0.40188 0.50168 0.86107 0.96108 0.96574 0.97121 0.94826 0.80514 0.71166 0.6198 0.57312 0.56166 0.55163 0.54777
0.37894 0.37259 0.37004 0.37805 0.38851 0.39542 0.38792 0.3668 0.37647 0.37726 0.3817 0.41387 0.48272 0.79642 0.9521 0.9408 0.85477 0.79444 0.50499 0.37074 0.41117 0.43078 0.43552 0.4434 0.50776 0.83416 0.95483 0.93697 0.8503 0.80056 0.47688 0.49864 0.55125 0.5593 0.58236 0.53329 0.36734 0.37529 0.38284 0.36402 0.35949 0.34976 0.35217 0.36957 0.36993 0.37787 0.3648 0.36184 0.35485 0.36047 0.40802 0.50733 0.87013 0.96013 0.96883 0.97087 0.94152 0.80345 0.7114 0.62302 0.57342 0.55664 0.55275 0.55239
0.38423 0.36288 0.35996 0.36645 0.36245 0.38589 0.38292 0.35983 0.35698 0.36289 0.36645 0.40237 0.47879 0.80275 0.95339 0.937 0.85432 0.7979 0.50184 0.36561 0.41915 0.44609 0.46266 0.45935 0.5087 0.82968 0.95826 0.9361 0.84573 0.79754 0.47516 0.50025 0.55624 0.57215 0.59095 0.53392 0.37161 0.36339 0.37011 0.37787 0.38719 0.37347 0.36091 0.3616 0.37053 0.38558 0.37533 0.3594 0.36004 0.36554 0.41059 0.50207 0.87502 0.95973 0.97405 0.97345 0.95308 0.79519 0.71243 0.62136 0.57314 0.55132 0.55296 0.55154
0.37944 0.38556 0.40146 0.38647 0.38465 0.38944 0.38822 0.37886 0.3685 0.37324 0.38307 0.41362 0.50256 0.81454 0.95549 0.9381 0.86009 0.79768 0.50304 0.36929 0.41664 0.45435 0.48612 0.47267 0.51086 0.83644 0.95563 0.94155 0.83631 0.78908 0.48176 0.51494 0.56957 0.59365 0.61737 0.53764 0.37822 0.37429 0.38357 0.36892 0.36569 0.37331 0.3627 0.35793 0.35885 0.37522 0.37081 0.35915 0.3665 0.37431 0.41466 0.49823 0.8708 0.96146 0.97472 0.96906 0.95185 0.79586 0.70924 0.61187 0.57189 0.55382 0.54833 0.54457
0.3749 0.39047 0.39356 0.37043 0.38015 0.38807 0.38472 0.36794 0.35528 0.3493 0.37205 0.4084 0.49893 0.80411 0.95761 0.94198 0.85747 0.7826 0.50708 0.36401 0.40987 0.45474 0.49145 0.47763 0.51784 0.85485 0.95507 0.94466 0.85145 0.78519 0.53665 0.5178 0.59281 0.63848 0.70467 0.58377 0.425 0.37819 0.37417 0.35821 0.3624 0.37164 0.36618 0.3645 0.371 0.36754 0.36834 0.36339 0.37931 0.38308 0.4163 0.50504 0.86475 0.96071 0.97341 0.97508 0.95005 0.78699 0.70814 0.59273 0.56426 0.55517 0.55256 0.54951
0.36625 0.37176 0.3726 0.35533 0.36611 0.36925 0.36894 0.36477 0.36696 0.36465 0.37378 0.41857 0.49748 0.8061 0.95591 0.94052 0.8484 0.77581 0.50942 0.38005 0.43888 0.48247 0.51092 0.49893 0.55599 0.87937 0.9572 0.9482 0.92288 0.84166 0.63628 0.71032 0.78973 0.83377 0.83114 0.69222 0.46768 0.3722 0.37668 0.37168 0.37375 0.37553 0.3733 0.37617 0.37538 0.36403 0.36929 0.36466 0.36628 0.37248 0.40301 0.49702 0.8647 0.96056 0.97132 0.97091 0.95365 0.78955 0.70685 0.58498 0.56219 0.5581 0.55694 0.55098
0.36544 0.38167 0.38581 0.38136 0.38578 0.40244 0.39489 0.37855 0.37317 0.3732 0.37587 0.41742 0.50108 0.8056 0.95299 0.93907 0.85473 0.77867 0.53903 0.46365 0.49384 0.51058 0.51786 0.54401 0.64929 0.92551 0.95653 0.95462 0.94675 0.91594 0.8948 0.92116 0.93084 0.92388 0.85957 0.74599 0.45189 0.36913 0.38731 0.36824 0.36384 0.36545 0.36132 0.376 0.37222 0.37582 0.36941 0.35776 0.36759 0.37456 0.40767 0.50682 0.85714 0.96019 0.97603 0.97367 0.95196 0.78861 0.70539 0.59313 0.56592 0.5615 0.55789 0.54768
0.36927 0.36736 0.36124 0.36136 0.35798 0.3875 0.36328 0.35537 0.35593 0.35896 0.36899 0.41106 0.49307 0.81758 0.95367 0.93303 0.8896 0.81888 0.59074 0.5255 0.60407 0.72133 0.77425 0.82713 0.89675 0.94527 0.94876 0.94503 0.94207 0.92711 0.90686 0.90436 0.91181 0.90613 0.84859 0.73365 0.41091 0.33802 0.35661 0.3523 0.36497 0.36371 0.36207 0.36956 0.37562 0.38384 0.37983 0.37545 0.36083 0.36207 0.40635 0.49967 0.86221 0.96143 0.976 0.97448 0.93965 0.79345 0.70424 0.6007 0.56819 0.56125 0.55766 0.55331
0.3777 0.37556 0.37421 0.36579 0.37405 0.40566 0.39439 0.37795 0.36682 0.36657 0.37139 0.41974 0.51118 0.82938 0.9555 0.93973 0.92453 0.89161 0.85443 0.84869 0.87309 0.9193 0.92755 0.91982 0.91066 0.91211 0.89275 0.87815 0.8654 0.84843 0.8313 0.82761 0.83066 0.82837 0.83096 0.69516 0.40446 0.35842 0.35801 0.35811 0.36993 0.37619 0.3667 0.35784 0.36156 0.36279 0.36459 0.35931 0.3556 0.37064 0.40638 0.50229 0.86701 0.96168 0.97628 0.97397 0.93533 0.79038 0.70584 0.59787 0.56837 0.55968 0.54952 0.54658
0.37269 0.37776 0.37487 0.37364 0.37594 0.40287 0.40099 0.3715 0.36071 0.35758 0.37135 0.42891 0.53022 0.82891 0.95806 0.94884 0.93425 0.91686 0.90208 0.90325 0.90884 0.90034 0.87944 0.85864 0.83328 0.82928 0.81416 0.81395 0.7943 0.7912 0.77228 0.76381 0.75002 0.73964 0.74299 0.63407 0.42856 0.36621 0.36792 0.36369 0.36089 0.37234 0.36849 0.36507 0.37439 0.37114 0.36034 0.3731 0.36751 0.36939 0.41012 0.50928 0.87017 0.96145 0.97619 0.97053 0.93565 0.79698 0.70395 0.59885 0.56716 0.55705 0.55092 0.5481
0.3557 0.36237 0.36071 0.36 0.36191 0.38275 0.38257 0.36621 0.35458 0.35385 0.38356 0.46593 0.55923 0.823 0.95586 0.95374 0.94302 0.91746 0.88271 0.85124 0.8646 0.83878 0.80502 0.78573 0.76488 0.76052 0.76981 0.74929 0.75907 0.76593 0.73022 0.67557 0.58958 0.5437 0.53171 0.55108 0.45029 0.36971 0.3688 0.36463 0.36837 0.38222 0.37479 0.37589 0.37773 0.38704 0.36942 0.36818 0.35586 0.3595 0.39698 0.50688 0.87156 0.96105 0.97649 0.97304 0.94615 0.80186 0.70571 0.5971 0.55921 0.5553 0.54704 0.5392
