0.404360 0.315708 0.347862 0.294323 0.300928 0.356389 0.302839 0.377816 0.355138 0.343318 0.302186 0.309440 0.375451 0.369966 0.483521 0.404379 0.388875 0.388278 0.480428 0.350860 0.331198 0.240341 0.198016 0.143994 0.037524 0.097082 0.161097 0.177937 0.193872 0.097945 0.141512 0.129786 0.139269 0.138469 0.155571 0.081639 0.096484 0.163007 0.094730 0.116780 0.103496 0.101840 0.081167 0.093443 0.101442 0.089119 0.086617 0.079554 0.146149 0.095015 0.064277 0.107510 0.025592 0.071957 0.022723 0.034041 0.055222 0.031559 0.076536 0.078134 0.077650 0.010051 0.019277 0.063114
0.561664 0.422616 0.396014 0.347240 0.435876 0.381740 0.389881 0.382228 0.371803 0.360178 0.386663 0.381237 0.368134 0.433907 0.426763 0.328465 0.336791 0.298748 0.445709 0.323140 0.410602 0.410845 0.426753 0.280656 0.221418 0.224638 0.147261 0.099175 0.063326 0.136731 0.168191 0.147727 0.168560 0.125143 0.127216 0.054153 0.178664 0.078206 0.093330 0.118616 0.178739 0.118509 0.125116 0.209353 0.203772 0.097907 0.140174 0.094520 0.001962 0.092860 0.042078 0.075235 0.099030 0.065665 0.087520 0.071860 0.075090 0.105198 0.026369 0.112845 0.012435 0.036685 0.063816 0.058021
0.421397 0.357337 0.320133 0.290300 0.310658 0.356081 0.393577 0.435128 0.395722 0.362976 0.341385 0.372917 0.370834 0.371326 0.365248 0.364704 0.396417 0.403969 0.383145 0.360619 0.386164 0.390740 0.349758 0.295085 0.279083 0.245382 0.209160 0.181384 0.139711 0.075285 0.127525 0.118027 0.153706 0.082557 0.141157 0.143015 0.157132 0.212974 0.135785 0.155673 0.170850 0.115208 0.106844 0.131932 0.116778 0.073315 0.142774 0.108526 0.105626 0.064585 0.085684 0.087737 0.083578 0.134884 0.078290 0.138162 0.097000 0.007923 0.094938 0.005201 0.092232 0.092308 -0.000155 0.052663
0.344060 0.289824 0.395668 0.357840 0.336480 0.353458 0.329575 0.353330 0.388171 0.342358 0.326552 0.372407 0.454734 0.374726 0.388810 0.341467 0.427017 0.393862 0.303211 0.365300 0.419334 0.451582 0.428418 0.348360 0.376186 0.326422 0.255616 0.210433 0.159429 0.096550 0.101994 0.127122 0.196136 0.079942 0.203425 0.143711 0.100926 0.121380 0.186838 0.189287 0.123443 0.136590 0.113394 0.100495 0.177773 0.157206 0.166185 0.142708 0.174123 0.152078 0.089281 0.108579 0.030161 0.051686 0.091825 0.108429 0.142324 0.018330 0.041820 0.002953 0.042012 0.093892 0.019667 0.032766
0.349795 0.365195 0.416574 0.500046 0.426351 0.384850 0.349056 0.416261 0.428268 0.373615 0.350700 0.398682 0.434676 0.358373 0.333017 0.314918 0.431719 0.354697 0.434179 0.417172 0.434769 0.447395 0.436845 0.392182 0.319744 0.385715 0.313596 0.342078 0.334811 0.148885 0.180924 0.175158 0.219666 0.126328 0.161396 0.088086 0.062977 0.055997 0.166023 0.165267 0.152887 0.151106 0.125455 0.178081 0.149417 0.079795 0.116546 0.016030 0.087408 0.118511 0.111760 0.143703 0.098308 0.130056 0.116712 0.022870 0.057511 0.011419 -0.002659 0.070384 0.102559 0.099920 0.086408 0.065854
0.369020 0.347797 0.336273 0.471772 0.379525 0.359072 0.387083 0.415236 0.372193 0.329043 0.333072 0.294297 0.437226 0.307939 0.443827 0.415776 0.408501 0.463492 0.362578 0.407586 0.357668 0.315816 0.386628 0.360477 0.435650 0.485153 0.408622 0.423503 0.409812 0.363011 0.267192 0.159088 0.179803 0.118820 0.119554 0.110890 0.114176 0.138416 0.184128 0.166203 0.143932 0.122828 0.142283 0.142741 0.108302 0.123036 0.181372 0.141793 0.197758 0.121824 0.140984 0.097974 0.182996 0.006532 0.121890 0.056227 0.046150 0.017170 0.111104 0.105681 0.137678 0.004945 0.053439 0.029160
0.475027 0.387811 0.391564 0.431937 0.428232 0.335137 0.325197 0.388303 0.324594 0.380474 0.386659 0.401692 0.321124 0.408233 0.390912 0.329730 0.437457 0.398190 0.391341 0.345609 0.343350 0.377691 0.299335 0.428514 0.365130 0.447968 0.366504 0.376796 0.360209 0.374247 0.376049 0.366984 0.280294 0.205779 0.160971 0.109162 0.129163 0.132717 0.110686 0.124411 0.082644 0.110256 0.203590 0.114207 0.208930 0.185919 0.151300 0.210739 0.133510 0.115465 0.142352 0.084796 0.063941 0.107830 0.031984 0.189348 0.071869 0.105036 0.091786 0.072875 0.020391 0.049812 0.038188 0.046439
0.454851 0.311884 0.383571 0.409257 0.338607 0.403565 0.394975 0.479173 0.385371 0.448774 0.377600 0.354157 0.413313 0.267463 0.319322 0.393027 0.400166 0.385101 0.355212 0.422403 0.328263 0.333335 0.395185 0.316218 0.354463 0.380810 0.452037 0.400068 0.475804 0.366861 0.463160 0.449280 0.410402 0.261419 0.203712 0.167726 0.180093 0.083462 0.163885 0.129593 0.171310 0.200634 0.169737 0.142027 0.110667 0.131683 0.176503 0.095489 0.189446 0.157914 0.095254 0.168094 0.163646 0.144425 0.101237 0.130871 0.080105 0.052297 0.191627 0.117864 0.141958 0.094463 0.049122 0.135604
0.377982 0.375527 0.337256 0.326553 0.349976 0.339437 0.372619 0.473065 0.369633 0.351589 0.345630 0.364363 0.366107 0.377431 0.423808 0.394034 0.428610 0.378104 0.356771 0.278175 0.391570 0.308860 0.376411 0.355627 0.407938 0.363336 0.430846 0.410521 0.434452 0.398683 0.348799 0.422064 0.323761 0.386475 0.346862 0.258236 0.213616 0.190879 0.162487 0.160389 0.114452 0.132747 0.141931 0.112841 0.162467 0.196957 0.132621 0.165838 0.166925 0.037932 0.117299 0.145770 0.230607 0.060208 0.111735 0.178176 0.099358 0.152613 0.137139 0.135959 0.111171 0.162327 0.120520 0.080149
0.404389 0.327531 0.426569 0.488933 0.423403 0.393922 0.374090 0.438093 0.381453 0.456749 0.394649 0.365010 0.439884 0.418696 0.293293 0.322308 0.362337 0.401599 0.376739 0.355677 0.382175 0.464906 0.486514 0.454524 0.348894 0.397909 0.358056 0.443332 0.386163 0.420913 0.406285 0.398826 0.390033 0.400370 0.402616 0.332799 0.281657 0.236441 0.208258 0.134974 0.105717 0.174607 0.172444 0.214124 0.164331 0.125379 0.142528 0.153388 0.110605 0.116003 0.184064 0.148025 0.143761 0.108277 0.177031 0.144931 0.133526 0.118812 0.103183 0.087792 0.034258 0.148868 0.046453 0.170135
0.379017 0.331678 0.330898 0.440442 0.416608 0.437017 0.343549 0.482517 0.386275 0.306851 0.301167 0.383426 0.313873 0.355796 0.461738 0.419711 0.393977 0.395229 0.441123 0.426320 0.369899 0.339080 0.360209 0.405921 0.383221 0.348610 0.417374 0.433930 0.447552 0.437593 0.383306 0.317512 0.364362 0.391662 0.380013 0.368281 0.369300 0.389775 0.362845 0.270505 0.166052 0.196405 0.157841 0.121348 0.203218 0.150896 0.104296 0.125029 0.101160 0.114281 0.143559 0.216234 0.065151 0.152636 0.127100 0.203598 0.093532 0.083387 0.106360 0.123352 0.093301 0.068120 0.080758 0.145646
0.519599 0.392419 0.349002 0.360354 0.345805 0.393488 0.348397 0.394902 0.349896 0.360317 0.344567 0.460596 0.344908 0.476153 0.470071 0.443315 0.326643 0.433081 0.424480 0.316034 0.373768 0.392137 0.352531 0.353299 0.399950 0.396776 0.395498 0.409845 0.459591 0.368839 0.389976 0.387787 0.384868 0.462024 0.538698 0.447399 0.343210 0.379985 0.365530 0.398844 0.293898 0.183282 0.236297 0.199071 0.212376 0.146790 0.130301 0.188174 0.192052 0.149502 0.090445 0.087166 0.105485 0.077632 0.105186 0.200489 0.157835 0.103663 0.181078 0.174934 0.129706 0.139425 0.114160 0.126449
0.488966 0.382915 0.385161 0.391975 0.367011 0.387383 0.480620 0.481405 0.380724 0.393578 0.406233 0.387989 0.349027 0.401872 0.410134 0.363491 0.373044 0.402898 0.396488 0.406619 0.409191 0.382777 0.365900 0.297511 0.340043 0.323010 0.326628 0.371605 0.373313 0.432025 0.427535 0.437988 0.417723 0.419496 0.442195 0.397908 0.396834 0.350652 0.447595 0.424433 0.377820 0.361728 0.313106 0.263187 0.201719 0.166209 0.173996 0.091635 0.079089 0.106809 0.127418 0.161761 0.131866 0.074832 0.187934 0.218708 0.106121 0.127730 0.098715 0.163568 0.075291 0.133352 0.115816 0.147800
0.404271 0.322549 0.284770 0.287109 0.336948 0.370614 0.408952 0.476719 0.338750 0.374617 0.407656 0.417411 0.370163 0.409695 0.366550 0.376574 0.405485 0.417488 0.408430 0.346045 0.371907 0.254805 0.409043 0.376784 0.410656 0.432302 0.431364 0.427225 0.432422 0.418722 0.352614 0.412296 0.342117 0.375577 0.396203 0.319559 0.461148 0.387907 0.414804 0.407842 0.375621 0.430113 0.457829 0.384507 0.250260 0.189277 0.122052 0.109194 0.135836 0.119702 0.069296 0.160361 0.093292 0.093584 0.093214 0.053463 0.129668 0.096720 0.117244 0.154533 0.154786 0.222335 0.118285 0.102112
0.335379 0.290350 0.320702 0.393093 0.366869 0.393903 0.447920 0.502255 0.345650 0.379307 0.482721 0.455932 0.361809 0.377841 0.360511 0.419967 0.376588 0.396467 0.369279 0.350988 0.436654 0.393795 0.459727 0.376669 0.310032 0.381254 0.387874 0.369554 0.316961 0.329556 0.359372 0.423875 0.387354 0.395843 0.398505 0.426939 0.338971 0.372090 0.408480 0.356822 0.427674 0.431760 0.427851 0.430844 0.470689 0.349949 0.268288 0.147717 0.117507 0.181687 0.134016 0.142057 0.151277 0.187826 0.159766 0.113374 0.155638 0.081158 0.143315 0.117897 0.159246 0.171710 0.161505 0.145018
0.305361 0.316720 0.401645 0.358814 0.372467 0.316021 0.324833 0.474174 0.410128 0.389011 0.395296 0.369538 0.313715 0.372639 0.366953 0.390725 0.424115 0.398741 0.435835 0.392422 0.412131 0.436699 0.355287 0.332204 0.323531 0.346132 0.394462 0.441275 0.436023 0.431618 0.372332 0.350273 0.336163 0.372448 0.294507 0.316023 0.403251 0.434353 0.362341 0.443104 0.477994 0.434231 0.420203 0.436557 0.350809 0.261829 0.306258 0.264635 0.242964 0.184010 0.146923 0.146017 0.231983 0.132647 0.066625 0.169067 0.100832 0.155465 0.086707 0.164018 0.135436 0.109717 0.173564 0.185785
0.469450 0.390362 0.382805 0.356358 0.326293 0.320349 0.338159 0.405832 0.336142 0.369860 0.371639 0.380128 0.386932 0.333011 0.342891 0.294491 0.338349 0.374154 0.411678 0.375359 0.316494 0.422951 0.431945 0.357048 0.451640 0.400401 0.413775 0.362488 0.409551 0.363528 0.313131 0.345096 0.399538 0.408245 0.413767 0.422237 0.458460 0.349555 0.427978 0.412023 0.347810 0.354381 0.313675 0.377749 0.369973 0.418972 0.416508 0.423171 0.413560 0.403256 0.207559 0.180810 0.140620 0.077026 0.086371 0.068456 0.132993 0.125009 0.157785 0.215508 0.130237 0.174212 0.196898 0.183151
0.453972 0.392778 0.423885 0.407459 0.486312 0.397851 0.428205 0.399282 0.394992 0.450128 0.428519 0.360803 0.330987 0.397190 0.330903 0.341431 0.410460 0.380538 0.414647 0.402608 0.460603 0.365254 0.381710 0.361178 0.439603 0.315411 0.322941 0.399128 0.357510 0.392083 0.377702 0.446445 0.412830 0.419246 0.380814 0.427514 0.372142 0.369551 0.348704 0.368290 0.404995 0.446208 0.417382 0.393800 0.420300 0.431332 0.391822 0.271858 0.356629 0.308375 0.393138 0.344329 0.250565 0.156876 0.081881 0.160321 0.175527 0.195194 0.120777 0.183427 0.217152 0.283025 0.282217 0.312424
0.400397 0.293219 0.292130 0.302432 0.349961 0.330846 0.436514 0.349854 0.407762 0.393521 0.369436 0.339494 0.424936 0.396429 0.312246 0.325345 0.422672 0.343133 0.400980 0.413839 0.398878 0.380184 0.369230 0.416592 0.475476 0.366029 0.441273 0.390868 0.356807 0.371466 0.369051 0.415071 0.372952 0.369075 0.398397 0.406996 0.420128 0.474977 0.425083 0.402705 0.360043 0.324386 0.375720 0.299438 0.357234 0.301675 0.271950 0.351381 0.381605 0.387771 0.402982 0.384108 0.373061 0.245328 0.194573 0.187989 0.257898 0.265993 0.248058 0.379229 0.357200 0.388194 0.456779 0.457686
0.385302 0.361880 0.394373 0.454931 0.382986 0.307087 0.437288 0.458511 0.384070 0.364637 0.337924 0.498224 0.308568 0.345346 0.362313 0.358687 0.325724 0.414153 0.384000 0.326839 0.362442 0.439494 0.432420 0.462618 0.438897 0.331818 0.408795 0.370828 0.392855 0.382744 0.361052 0.349352 0.394374 0.510147 0.363384 0.427319 0.402629 0.383790 0.333710 0.325197 0.325513 0.262666 0.403430 0.322780 0.406258 0.435415 0.437462 0.357331 0.403070 0.368846 0.293033 0.261840 0.206490 0.258674 0.299337 0.343139 0.433177 0.377236 0.401215 0.503363 0.415319 0.404637 0.514542 0.554718
0.365075 0.284729 0.378538 0.448324 0.412650 0.389135 0.408724 0.465345 0.418231 0.344455 0.402909 0.462213 0.376136 0.347246 0.293659 0.334755 0.467274 0.465047 0.381515 0.327086 0.427669 0.420355 0.364547 0.347384 0.317732 0.329462 0.386734 0.427518 0.410487 0.391901 0.421697 0.353511 0.374529 0.515034 0.377161 0.324257 0.412009 0.394829 0.400794 0.377483 0.490630 0.424245 0.424659 0.370421 0.416872 0.319716 0.357794 0.357613 0.421168 0.363901 0.309447 0.220184 0.152463 0.329360 0.386066 0.502305 0.414541 0.478705 0.489890 0.515125 0.508956 0.610606 0.586081 0.662717
0.334994 0.373131 0.432186 0.397041 0.348898 0.343852 0.360178 0.370590 0.326137 0.376538 0.309777 0.403093 0.420245 0.442199 0.373820 0.404031 0.411975 0.370550 0.430775 0.357187 0.336892 0.324117 0.392274 0.317654 0.442920 0.378901 0.404886 0.377931 0.412951 0.371173 0.330976 0.376606 0.330384 0.344040 0.410877 0.421462 0.420761 0.409080 0.461185 0.414554 0.424975 0.388657 0.346239 0.385845 0.308892 0.366752 0.409662 0.370282 0.390130 0.344585 0.379379 0.200886 0.139393 0.378778 0.479546 0.488886 0.506322 0.570278 0.585491 0.554159 0.532033 0.505837 0.563314 0.529993
0.425940 0.443718 0.365940 0.380426 0.429696 0.354666 0.407186 0.423618 0.404280 0.420469 0.379312 0.370972 0.373829 0.416855 0.385195 0.353456 0.380350 0.427530 0.407559 0.415476 0.414452 0.467475 0.454912 0.436211 0.410648 0.332984 0.385757 0.277324 0.381975 0.368930 0.396811 0.293261 0.381320 0.372048 0.403733 0.438236 0.368586 0.362140 0.267183 0.348838 0.298524 0.380814 0.367428 0.453860 0.382830 0.431500 0.369049 0.346804 0.354061 0.338885 0.264883 0.245578 0.118032 0.485984 0.575409 0.550054 0.578444 0.525161 0.476175 0.465660 0.412538 0.438781 0.481542 0.437201
0.366664 0.308330 0.346896 0.303731 0.326552 0.388852 0.442061 0.472252 0.412633 0.402376 0.316911 0.371962 0.360803 0.414915 0.401326 0.473182 0.451023 0.359505 0.406646 0.396375 0.320477 0.335671 0.314495 0.334952 0.361235 0.371694 0.384920 0.313677 0.306912 0.399802 0.419517 0.374052 0.323417 0.326134 0.355566 0.281501 0.386292 0.492467 0.420819 0.444993 0.421186 0.331041 0.417810 0.346758 0.313692 0.264470 0.327508 0.344520 0.340934 0.380397 0.381889 0.297839 0.232491 0.552088 0.618072 0.452155 0.497476 0.420521 0.375503 0.370965 0.399483 0.363740 0.365802 0.291577
0.258476 0.280297 0.335990 0.373675 0.337179 0.346724 0.452625 0.396200 0.321249 0.448156 0.399788 0.480387 0.362100 0.415732 0.436351 0.411498 0.379601 0.409779 0.296541 0.265167 0.330878 0.406442 0.371174 0.365405 0.385519 0.378828 0.455676 0.346088 0.316766 0.368083 0.438418 0.385796 0.348508 0.258029 0.343738 0.263616 0.377718 0.495505 0.404701 0.432075 0.334767 0.331062 0.351166 0.414305 0.401807 0.395537 0.359179 0.358614 0.349777 0.426460 0.400707 0.363156 0.364076 0.583461 0.738812 0.628745 0.537619 0.441708 0.245414 0.209859 0.269203 0.251269 0.269185 0.390130
0.254417 0.240404 0.360813 0.481701 0.385001 0.412302 0.432324 0.450928 0.425778 0.412039 0.464139 0.445505 0.366466 0.333484 0.373756 0.403890 0.373467 0.424829 0.358092 0.426280 0.349259 0.358281 0.397787 0.319855 0.373033 0.359240 0.363569 0.384532 0.447650 0.422468 0.371043 0.348016 0.424498 0.307563 0.417790 0.414565 0.435574 0.429062 0.436376 0.377508 0.439089 0.421049 0.413763 0.379392 0.408582 0.378300 0.309576 0.243522 0.289543 0.327370 0.267080 0.289662 0.409154 0.639394 0.739974 0.675415 0.644051 0.472343 0.159511 0.181191 0.245774 0.258084 0.302658 0.354362
0.330845 0.311442 0.328487 0.387748 0.379437 0.380439 0.421666 0.371057 0.304020 0.344477 0.300073 0.392252 0.347493 0.465468 0.411916 0.408358 0.397130 0.395140 0.383764 0.363866 0.379147 0.345763 0.327219 0.330093 0.362227 0.306529 0.393891 0.322818 0.349092 0.433721 0.378321 0.486119 0.440349 0.536278 0.473819 0.477594 0.468366 0.373816 0.420996 0.452174 0.370285 0.367153 0.389643 0.354767 0.315222 0.274922 0.272682 0.418497 0.405436 0.446247 0.346550 0.374542 0.508691 0.814189 0.857737 0.716222 0.693510 0.527782 0.268518 0.234587 0.230149 0.217467 0.259955 0.329353
0.429385 0.402330 0.347854 0.411599 0.281653 0.352000 0.400657 0.417619 0.352362 0.389285 0.356369 0.349797 0.321609 0.511486 0.352739 0.366594 0.382937 0.385735 0.367694 0.386484 0.360515 0.291583 0.307221 0.339462 0.362959 0.441225 0.452766 0.433804 0.479873 0.454901 0.459205 0.516044 0.545994 0.426160 0.379368 0.357268 0.394693 0.389793 0.398024 0.400291 0.357445 0.367211 0.308525 0.338351 0.381399 0.367336 0.409424 0.426435 0.410321 0.387807 0.412175 0.363893 0.551810 0.944948 0.915792 0.721695 0.718849 0.547326 0.291519 0.295229 0.314663 0.261012 0.360197 0.366475
0.395728 0.355049 0.334500 0.361806 0.391657 0.367914 0.518249 0.431639 0.322843 0.485125 0.350539 0.302433 0.226079 0.315876 0.255358 0.281672 0.348244 0.391805 0.326580 0.418416 0.413226 0.386697 0.472182 0.477012 0.584347 0.509367 0.574834 0.509113 0.499351 0.362924 0.371964 0.341407 0.390191 0.404837 0.339027 0.308099 0.291007 0.342172 0.322258 0.392384 0.380627 0.330916 0.424022 0.351047 0.431533 0.318400 0.333674 0.255037 0.317118 0.338777 0.287196 0.264508 0.502556 0.915395 0.921282 0.804470 0.709593 0.533602 0.292921 0.304858 0.211771 0.258373 0.318694 0.308860
0.318943 0.332528 0.343367 0.321318 0.317353 0.337803 0.486593 0.390953 0.380116 0.407337 0.433609 0.343506 0.166890 0.129985 0.151024 0.258529 0.429808 0.420325 0.421021 0.441584 0.500614 0.490822 0.437831 0.484472 0.490685 0.419406 0.581795 0.569127 0.399946 0.215202 0.139804 0.137033 0.245400 0.259379 0.257518 0.300236 0.404774 0.459111 0.367659 0.423952 0.289749 0.376853 0.268384 0.377624 0.296401 0.272690 0.371852 0.382356 0.368740 0.406159 0.403094 0.413550 0.575235 0.941386 0.935287 0.899961 0.753179 0.574804 0.281721 0.294100 0.293830 0.266988 0.344590 0.325367
0.285773 0.352780 0.434703 0.435560 0.393526 0.417767 0.526687 0.507670 0.401953 0.435498 0.417990 0.344542 0.186082 0.045278 0.248568 0.469332 0.470259 0.505524 0.481972 0.395839 0.426558 0.371190 0.291435 0.245437 0.150859 0.274471 0.629021 0.693307 0.443959 0.321361 0.215452 0.207532 0.299346 0.341540 0.240030 0.295470 0.387122 0.421772 0.300560 0.381957 0.294854 0.339707 0.326289 0.387612 0.421207 0.416592 0.397544 0.346407 0.375763 0.375631 0.269094 0.389931 0.490944 0.901096 1.062312 0.924606 0.753760 0.593936 0.313782 0.340859 0.207815 0.300760 0.432066 0.385907
0.313896 0.262666 0.369082 0.392682 0.390351 0.374614 0.334650 0.447039 0.350759 0.296216 0.318960 0.316590 0.276218 0.154191 0.331674 0.544098 0.416101 0.290087 0.251660 0.223590 0.116924 0.079172 0.069003 0.073175 0.080275 0.273499 0.721593 0.734098 0.476697 0.313287 0.280205 0.238199 0.279190 0.331357 0.296389 0.368318 0.363975 0.329187 0.368040 0.496210 0.367608 0.385764 0.397885 0.359395 0.370091 0.335039 0.316525 0.290821 0.343077 0.360749 0.371280 0.400301 0.597555 0.943374 0.969443 0.950913 0.825235 0.595467 0.409484 0.384362 0.317150 0.440542 0.282204 0.487346
0.332053 0.318242 0.426792 0.409742 0.285985 0.292226 0.331236 0.359109 0.384866 0.380177 0.402062 0.385790 0.387058 0.282467 0.406179 0.567664 0.415525 0.316321 0.138060 0.094214 0.057109 0.008396 0.039086 0.029354 0.085763 0.249201 0.707363 0.665812 0.500702 0.434443 0.296839 0.221371 0.310840 0.372300 0.304489 0.379810 0.365302 0.400815 0.383744 0.435133 0.341062 0.302664 0.259591 0.319361 0.287461 0.292702 0.330392 0.367824 0.454142 0.368098 0.446746 0.455583 0.629977 0.965749 0.959120 1.007286 0.883242 0.649958 0.412653 0.461892 0.345787 0.410019 0.476090 0.423130
0.354122 0.309009 0.366469 0.382388 0.328212 0.333910 0.463255 0.364401 0.363105 0.333902 0.375530 0.362150 0.413073 0.348991 0.540082 0.716346 0.486856 0.342604 0.198053 0.009420 -0.029795 0.047169 0.107425 0.107646 0.095780 0.360238 0.767725 0.823132 0.585045 0.438261 0.321387 0.208841 0.381676 0.363754 0.401059 0.380532 0.361268 0.343412 0.333596 0.364328 0.358227 0.381196 0.311583 0.374849 0.414828 0.385386 0.378340 0.361108 0.375676 0.294652 0.284716 0.355028 0.574396 0.907149 1.004122 1.026020 0.899999 0.708402 0.520450 0.443956 0.382357 0.355964 0.466826 0.405368
0.352076 0.327564 0.396029 0.312377 0.321121 0.334922 0.432865 0.336175 0.399797 0.342340 0.349493 0.371538 0.404943 0.369037 0.564899 0.676233 0.432620 0.400852 0.316523 0.042652 0.049542 -0.001247 0.114345 0.099570 0.178900 0.441820 0.874349 0.929294 0.669603 0.499149 0.370800 0.283003 0.325214 0.332816 0.413492 0.401320 0.432891 0.375471 0.405947 0.312213 0.420080 0.382739 0.373549 0.368094 0.323523 0.273232 0.326743 0.367059 0.310625 0.373729 0.342646 0.340458 0.662788 0.916880 0.969264 0.998005 0.994890 0.709661 0.519527 0.458523 0.366002 0.387371 0.412955 0.361797
0.396367 0.403070 0.431612 0.435190 0.329203 0.384538 0.458865 0.439942 0.371195 0.414775 0.437759 0.352363 0.377346 0.491864 0.732526 0.744422 0.518907 0.449211 0.334142 0.115694 0.107153 0.027699 0.134111 0.229849 0.179025 0.526365 0.929126 0.898445 0.742953 0.417126 0.331545 0.278306 0.390651 0.396864 0.358281 0.436555 0.442353 0.366457 0.360196 0.343362 0.343598 0.368210 0.275621 0.358621 0.361497 0.446914 0.360399 0.410784 0.452002 0.311968 0.367179 0.429181 0.713296 0.955262 0.954969 0.997174 0.957247 0.809792 0.557855 0.524293 0.440756 0.486994 0.462030 0.408678
0.321113 0.278057 0.449261 0.415979 0.414052 0.434340 0.403857 0.441192 0.395601 0.313907 0.360575 0.380617 0.315134 0.484215 0.824376 0.925225 0.590143 0.461565 0.310191 0.061572 0.078471 0.078168 0.159179 0.158756 0.274964 0.536685 0.907083 0.957103 0.794127 0.474621 0.345431 0.286976 0.349444 0.333538 0.361775 0.407255 0.386804 0.349435 0.363637 0.355658 0.413833 0.426360 0.346786 0.424319 0.406435 0.339589 0.334055 0.295571 0.348304 0.384002 0.300976 0.401134 0.636896 0.951097 0.990938 0.950396 0.980597 0.870678 0.661632 0.527727 0.551630 0.638699 0.448347 0.447682
0.379793 0.349026 0.385517 0.299659 0.377167 0.410299 0.380922 0.383803 0.411909 0.321909 0.447749 0.404863 0.303147 0.529941 0.810712 0.914659 0.710396 0.510673 0.335908 0.140596 0.148180 0.131609 0.203302 0.259284 0.212759 0.552697 0.903216 0.902840 0.734887 0.582069 0.343071 0.300824 0.428624 0.365270 0.397663 0.432293 0.437807 0.370071 0.380035 0.393563 0.419460 0.414334 0.416836 0.308439 0.326749 0.307902 0.412738 0.348775 0.378357 0.425831 0.357208 0.406478 0.740898 0.927391 1.020598 0.947198 0.982218 0.875499 0.657561 0.596971 0.547064 0.690862 0.462802 0.460818
0.392243 0.369445 0.417676 0.347250 0.374553 0.384268 0.352555 0.420674 0.447465 0.405744 0.386382 0.325837 0.426506 0.567468 0.895061 1.005237 0.708218 0.520969 0.347032 0.156151 0.121115 0.198456 0.286930 0.294904 0.248380 0.607980 0.925272 1.039203 0.815125 0.558835 0.366477 0.294425 0.369344 0.445004 0.432086 0.473284 0.356768 0.336108 0.298459 0.329118 0.346062 0.336758 0.350862 0.478639 0.395335 0.446148 0.443857 0.423027 0.397661 0.351946 0.413116 0.404971 0.678154 0.974901 0.976929 0.978068 1.004801 0.900739 0.670202 0.620849 0.455196 0.451321 0.412430 0.408094
0.272115 0.367302 0.361179 0.300219 0.289459 0.449327 0.422770 0.355634 0.374015 0.385660 0.252330 0.371076 0.318847 0.492528 0.908764 0.984220 0.754810 0.491178 0.322604 0.142051 0.118396 0.165487 0.253993 0.238620 0.239867 0.668811 0.906942 0.948699 0.783621 0.670798 0.490342 0.309646 0.385468 0.366950 0.444969 0.457675 0.376290 0.351039 0.416985 0.376745 0.383898 0.357534 0.399165 0.364099 0.428859 0.446205 0.403140 0.326776 0.309290 0.352688 0.310060 0.409238 0.730986 0.975618 0.975511 0.951704 1.028572 0.819110 0.755345 0.627486 0.513601 0.466413 0.459216 0.446307
0.401409 0.430164 0.473631 0.386872 0.371398 0.342751 0.480938 0.368972 0.366839 0.412911 0.380450 0.428929 0.415118 0.562895 0.911656 0.964107 0.780453 0.536820 0.312408 0.131202 0.061813 0.120181 0.273810 0.294420 0.277786 0.657130 0.998983 1.001984 0.870354 0.763384 0.559642 0.341612 0.422484 0.400518 0.464543 0.522179 0.490897 0.411409 0.394466 0.440855 0.343247 0.406932 0.395386 0.300661 0.348544 0.399835 0.322613 0.391475 0.422831 0.430148 0.419738 0.414514 0.663936 0.933901 0.961526 1.008197 0.999747 0.969831 0.745913 0.669914 0.506791 0.497593 0.490852 0.454856
0.366688 0.376842 0.475195 0.389390 0.391959 0.463689 0.469439 0.449733 0.412822 0.299891 0.339564 0.370246 0.439664 0.554349 0.913714 0.962951 0.845213 0.666606 0.360438 0.151802 0.091216 0.173467 0.194191 0.269048 0.319661 0.658443 0.906853 0.929275 0.833882 0.799005 0.576537 0.344789 0.388234 0.478586 0.430004 0.492274 0.445719 0.370177 0.349679 0.330895 0.283635 0.374571 0.375290 0.476649 0.434258 0.371769 0.399429 0.378348 0.448390 0.337635 0.376320 0.428984 0.712778 1.000306 1.016504 1.005852 0.984345 0.936194 0.737692 0.615263 0.553514 0.544509 0.553046 0.449497
0.302216 0.346210 0.413572 0.369588 0.328542 0.388796 0.454338 0.398609 0.287062 0.419715 0.375409 0.295134 0.364342 0.591837 0.902051 0.893937 0.854199 0.735440 0.305338 0.220030 0.173275 0.285888 0.244087 0.271855 0.283272 0.654214 0.915488 0.917349 0.853305 0.709314 0.513936 0.385947 0.459230 0.408671 0.443133 0.443475 0.373115 0.376534 0.372600 0.434698 0.362718 0.433813 0.363764 0.492276 0.400537 0.335817 0.292613 0.303801 0.307609 0.317746 0.324351 0.414310 0.814522 0.979108 0.987509 1.021509 0.961650 0.830999 0.750874 0.618627 0.588644 0.529966 0.521755 0.511110
0.313961 0.342149 0.358247 0.412973 0.426636 0.391309 0.427633 0.376860 0.378730 0.401524 0.367737 0.371793 0.394625 0.604979 0.928984 1.015891 0.835253 0.749987 0.481641 0.242321 0.200976 0.271240 0.381780 0.307169 0.351498 0.764779 0.899081 0.967105 0.827739 0.663731 0.491109 0.377158 0.432473 0.421135 0.501499 0.501309 0.392376 0.283774 0.394050 0.457575 0.392905 0.350135 0.300957 0.352979 0.365933 0.409273 0.383162 0.371557 0.376600 0.345794 0.387987 0.501177 0.747597 0.984962 0.943736 0.993745 0.963861 0.883423 0.723390 0.601342 0.523535 0.529865 0.508140 0.462278
0.334008 0.276518 0.319839 0.357302 0.346310 0.415213 0.469377 0.313820 0.293044 0.403288 0.341861 0.376727 0.371747 0.615098 0.913510 0.949260 0.829245 0.803903 0.467967 0.237169 0.203835 0.355600 0.292116 0.355407 0.408741 0.709935 0.961454 0.887186 0.783345 0.677183 0.504864 0.337941 0.420546 0.436164 0.455977 0.473677 0.364160 0.311421 0.391877 0.403122 0.373620 0.457983 0.324091 0.422159 0.342519 0.424348 0.353100 0.393222 0.320159 0.341017 0.373455 0.406194 0.805839 1.014531 1.063390 1.002616 0.971578 0.880589 0.724778 0.678862 0.537737 0.586558 0.543867 0.503935
0.354965 0.364264 0.425425 0.387618 0.331071 0.447524 0.543965 0.348408 0.380720 0.340430 0.316485 0.410604 0.469181 0.632783 0.878730 0.923178 0.836443 0.812978 0.462599 0.237231 0.206981 0.332649 0.290106 0.338988 0.366949 0.766343 0.948836 0.921508 0.781414 0.690103 0.473864 0.351703 0.435521 0.431104 0.468168 0.459892 0.433922 0.400369 0.446506 0.427822 0.455816 0.461975 0.375791 0.372207 0.310277 0.336676 0.324102 0.284161 0.358360 0.342672 0.363771 0.398196 0.749650 0.933936 1.007204 0.986616 1.014526 0.905377 0.762772 0.648162 0.557461 0.526302 0.538999 0.489193
0.349628 0.354201 0.427718 0.421937 0.404782 0.409909 0.429762 0.378739 0.333036 0.302408 0.361149 0.367380 0.480986 0.665883 0.905782 0.993612 0.801525 0.810725 0.421239 0.296807 0.237076 0.329956 0.319076 0.301615 0.398986 0.743353 0.941290 0.963240 0.841298 0.794981 0.505289 0.345856 0.440652 0.467291 0.532007 0.452343 0.428777 0.397172 0.295513 0.419094 0.313966 0.367746 0.360397 0.401185 0.378689 0.355607 0.364096 0.371572 0.443731 0.378198 0.369994 0.440039 0.750922 0.978647 0.970701 0.942980 1.001129 0.857615 0.726008 0.611750 0.604398 0.525303 0.560398 0.524307
0.352964 0.336021 0.360621 0.313674 0.400300 0.329030 0.413589 0.347869 0.289297 0.254325 0.297432 0.491581 0.487315 0.726593 0.944594 0.928958 0.808921 0.781082 0.453346 0.272565 0.269947 0.370429 0.341525 0.290334 0.330852 0.779271 0.935857 0.933831 0.847215 0.786171 0.500203 0.419788 0.471009 0.522421 0.555449 0.511673 0.443676 0.318739 0.402219 0.424878 0.399315 0.404274 0.380794 0.510861 0.427465 0.336442 0.334492 0.341550 0.347568 0.331601 0.331689 0.411577 0.789215 0.928308 1.020879 1.008957 0.999018 0.849255 0.732010 0.628292 0.607658 0.607609 0.543973 0.539339
0.416533 0.421984 0.382053 0.419265 0.421603 0.413307 0.470676 0.335267 0.424761 0.416436 0.395658 0.474223 0.582509 0.706265 0.917365 0.958800 0.817850 0.800845 0.484660 0.218143 0.285056 0.398825 0.304472 0.328227 0.431778 0.720665 1.009116 0.926016 0.837596 0.779830 0.599795 0.415293 0.481024 0.475812 0.512244 0.512203 0.432199 0.372066 0.368143 0.361316 0.349540 0.382974 0.324748 0.447276 0.319468 0.337375 0.303345 0.305736 0.281388 0.356214 0.389352 0.408929 0.756147 0.995296 0.900513 0.984165 0.975168 0.797169 0.728910 0.613282 0.624681 0.578420 0.523800 0.509919
0.354004 0.381846 0.385660 0.351594 0.369563 0.467777 0.458347 0.366176 0.313288 0.426197 0.360918 0.407768 0.436954 0.700492 0.925997 0.907225 0.830398 0.860163 0.458932 0.253006 0.310300 0.414865 0.395502 0.348593 0.417500 0.822780 0.973107 0.990015 0.869512 0.758078 0.515658 0.417037 0.481156 0.578745 0.584085 0.556724 0.289101 0.359790 0.371860 0.349696 0.342758 0.392452 0.365084 0.396655 0.369765 0.391494 0.385129 0.362631 0.294706 0.380013 0.427400 0.461205 0.785801 0.998325 0.944103 1.009152 1.001465 0.877982 0.741742 0.617079 0.588989 0.578789 0.557628 0.488027
0.386278 0.348514 0.329535 0.270091 0.292065 0.419808 0.439472 0.331077 0.344154 0.314030 0.358862 0.460966 0.468441 0.662991 0.942228 0.971096 0.865906 0.826814 0.431616 0.239737 0.376267 0.428840 0.348267 0.449706 0.497651 0.812153 0.993593 0.981873 0.886991 0.818248 0.496327 0.447274 0.563666 0.530294 0.576452 0.572607 0.300593 0.467474 0.352411 0.367671 0.366035 0.387003 0.292021 0.304118 0.348638 0.340631 0.340842 0.290231 0.362768 0.370779 0.349272 0.425336 0.856411 0.950577 0.969512 0.956540 0.993058 0.862851 0.726348 0.620223 0.540017 0.596213 0.572566 0.512941
0.384783 0.366089 0.503671 0.367611 0.318051 0.414670 0.458971 0.372978 0.326284 0.375399 0.411110 0.441392 0.543170 0.777937 0.963001 0.944267 0.824657 0.771674 0.531513 0.288664 0.387291 0.517141 0.375501 0.453795 0.494866 0.792865 0.963399 0.927403 0.865804 0.821910 0.461944 0.494977 0.519701 0.568392 0.616491 0.563302 0.424944 0.379814 0.389043 0.382352 0.360114 0.355787 0.288795 0.343195 0.345330 0.307859 0.425410 0.433238 0.386331 0.413610 0.461681 0.490133 0.830408 0.973015 0.993193 0.979963 0.953896 0.826024 0.680903 0.640606 0.560742 0.571207 0.593184 0.465783
0.356431 0.349865 0.504197 0.306687 0.435094 0.443011 0.525125 0.337867 0.293885 0.345749 0.337718 0.372515 0.400162 0.725600 0.960245 0.957053 0.836034 0.826237 0.481909 0.273901 0.413952 0.469102 0.426391 0.474915 0.540655 0.861605 0.983166 0.941103 0.829557 0.828146 0.409631 0.406932 0.527920 0.570504 0.595977 0.558020 0.423036 0.353496 0.345542 0.368374 0.369562 0.414222 0.427962 0.403976 0.427297 0.407241 0.403092 0.423708 0.415019 0.375507 0.409712 0.452828 0.793473 0.914241 0.964199 1.028185 0.989640 0.842568 0.751804 0.665591 0.577397 0.567730 0.540151 0.501220
0.411878 0.388810 0.369198 0.354931 0.409832 0.431326 0.455444 0.331594 0.336448 0.445091 0.411883 0.435298 0.543353 0.766357 0.947215 0.981670 0.872389 0.793734 0.460203 0.353200 0.423098 0.452174 0.427329 0.415622 0.489855 0.839954 0.975099 0.913762 0.821873 0.800668 0.495750 0.443986 0.541750 0.610597 0.604927 0.535590 0.384873 0.366158 0.361418 0.386911 0.344702 0.361332 0.339502 0.396136 0.306860 0.360622 0.352151 0.366852 0.388069 0.382947 0.398891 0.446111 0.853823 0.941544 0.976288 0.982458 0.965423 0.783544 0.669508 0.640518 0.555530 0.604734 0.524591 0.549883
0.385833 0.353150 0.457507 0.397688 0.381649 0.480695 0.418495 0.328785 0.370967 0.333892 0.367176 0.434771 0.525759 0.788375 0.970107 0.957332 0.889749 0.842620 0.493147 0.325229 0.437268 0.524868 0.469001 0.471633 0.515427 0.806502 0.911789 0.948476 0.831212 0.797770 0.454691 0.544146 0.573002 0.585126 0.694140 0.580702 0.380668 0.359694 0.368940 0.375697 0.230786 0.324015 0.340933 0.329219 0.348947 0.393608 0.392598 0.328905 0.412231 0.355057 0.420618 0.514558 0.884518 0.994112 0.983592 1.033542 0.978692 0.866614 0.728760 0.640900 0.561661 0.647167 0.514960 0.576500
0.341850 0.332331 0.311107 0.367140 0.314864 0.411459 0.452870 0.259853 0.262171 0.326367 0.340465 0.446472 0.480245 0.822610 0.967924 0.931994 0.868406 0.796132 0.498294 0.381445 0.405306 0.447396 0.442470 0.489851 0.535855 0.835327 0.951235 0.871249 0.864524 0.788146 0.434018 0.499031 0.587244 0.608294 0.643236 0.554310 0.351971 0.274987 0.306524 0.314967 0.376164 0.342666 0.304356 0.314159 0.353010 0.454609 0.400481 0.307982 0.310688 0.336728 0.411942 0.466607 0.883973 0.920910 0.977016 0.986100 0.958801 0.798121 0.735911 0.616546 0.583046 0.551304 0.573402 0.513442
0.407604 0.467405 0.394413 0.386986 0.370896 0.402573 0.425549 0.397691 0.379291 0.340221 0.371144 0.478254 0.512978 0.775654 0.948411 0.930888 0.902266 0.817610 0.518533 0.370512 0.409384 0.548784 0.455689 0.469185 0.535865 0.858529 1.018108 0.923911 0.865362 0.781865 0.421272 0.502073 0.549031 0.584535 0.617844 0.563455 0.378166 0.402148 0.368989 0.340427 0.373950 0.356864 0.337872 0.372125 0.334941 0.340297 0.346714 0.339051 0.334797 0.386152 0.508635 0.464045 0.826034 0.993357 1.031658 0.988029 0.959947 0.749849 0.731307 0.600814 0.579403 0.572593 0.570279 0.489454
0.282617 0.399163 0.435708 0.394624 0.382312 0.368410 0.400788 0.369766 0.296548 0.312889 0.380984 0.447271 0.444601 0.750257 0.954499 0.921809 0.901041 0.815794 0.515322 0.352607 0.453677 0.559717 0.487537 0.489787 0.545097 0.842915 1.013539 0.954884 0.891337 0.829063 0.462128 0.545619 0.584129 0.688952 0.706354 0.620178 0.468632 0.421796 0.363709 0.279525 0.370534 0.377799 0.348743 0.364586 0.361967 0.424800 0.377276 0.358992 0.416887 0.398820 0.415579 0.458389 0.843705 1.011345 0.995494 0.964641 0.921683 0.740313 0.711674 0.613151 0.568354 0.523524 0.551725 0.577753
0.352385 0.370251 0.346738 0.374708 0.271152 0.392673 0.384064 0.395020 0.363480 0.369421 0.336743 0.494578 0.530896 0.837348 0.929811 0.911633 0.800669 0.782233 0.517251 0.400677 0.500609 0.500638 0.524968 0.445664 0.540567 0.857699 0.987000 0.923176 0.893791 0.853468 0.593334 0.739094 0.825750 0.886194 0.855128 0.771627 0.473848 0.379838 0.406489 0.364478 0.396503 0.382400 0.274344 0.477982 0.396225 0.351498 0.379006 0.385891 0.386361 0.341084 0.425462 0.509159 0.870027 0.957892 1.000864 0.967989 1.025877 0.834613 0.722923 0.580026 0.543767 0.576470 0.559752 0.522882
0.371654 0.380479 0.410095 0.437286 0.331198 0.571746 0.414337 0.391145 0.344750 0.320752 0.357045 0.399158 0.518505 0.793661 0.980669 0.891852 0.901846 0.780534 0.497770 0.366134 0.518873 0.544023 0.543036 0.629739 0.599471 0.893995 0.956307 0.902901 0.886817 0.947751 0.887369 0.942499 0.922318 0.946493 0.884513 0.725422 0.389993 0.400407 0.418855 0.365463 0.251916 0.284503 0.352536 0.331613 0.327204 0.328118 0.369137 0.316728 0.344110 0.345164 0.386687 0.518685 0.887573 0.904134 0.955460 0.956420 0.926088 0.767942 0.665586 0.617372 0.589018 0.569536 0.564214 0.568364
0.346124 0.323628 0.362189 0.319249 0.362626 0.541332 0.399819 0.298539 0.310474 0.294247 0.324113 0.415256 0.482298 0.767223 0.982975 0.953161 0.809160 0.745899 0.536774 0.454118 0.668604 0.713623 0.742940 0.868367 0.916911 0.891843 1.013226 0.907197 0.944953 0.908206 0.948581 0.883381 0.891052 0.849690 0.857907 0.698085 0.273831 0.340669 0.308687 0.342587 0.333170 0.312617 0.376796 0.361284 0.372726 0.416991 0.392631 0.312963 0.298388 0.365761 0.376468 0.511707 0.911253 0.980428 0.951698 1.006648 0.948902 0.737010 0.708021 0.615540 0.530991 0.596959 0.594698 0.526001
0.329132 0.433753 0.355771 0.373658 0.377218 0.532802 0.407252 0.326448 0.345294 0.346886 0.461256 0.499093 0.576529 0.804327 0.879131 0.907359 0.926117 0.893789 0.887814 0.842516 0.902584 0.940086 0.953708 0.928271 0.934473 0.827865 0.949910 0.914763 0.874056 0.822659 0.833967 0.863252 0.832385 0.841411 0.780009 0.639390 0.339474 0.406543 0.381108 0.351114 0.330269 0.387664 0.351971 0.285979 0.302775 0.382363 0.324853 0.316604 0.280319 0.309680 0.321532 0.452814 0.884915 0.943016 1.000461 0.946162 0.950500 0.790981 0.710940 0.637812 0.556029 0.553992 0.550937 0.576312
0.298202 0.414022 0.415433 0.337801 0.370783 0.460411 0.485678 0.381145 0.294889 0.237847 0.353498 0.407583 0.494386 0.821610 0.959288 0.962410 0.935705 0.946779 0.904077 0.931858 0.914134 0.874599 0.858720 0.896459 0.910597 0.892881 0.812923 0.806755 0.793615 0.853107 0.782953 0.834867 0.767054 0.790528 0.791157 0.671891 0.498618 0.293294 0.342184 0.329804 0.344376 0.285711 0.316173 0.268385 0.322830 0.369260 0.316738 0.351673 0.387485 0.377139 0.394217 0.545222 0.831370 0.977651 0.957722 0.988836 0.924141 0.746686 0.719278 0.592042 0.626113 0.621665 0.576452 0.501545
0.381063 0.366625 0.290682 0.309613 0.286911 0.400447 0.422850 0.331794 0.334403 0.311276 0.348754 0.589667 0.629645 0.833770 0.834844 0.905259 0.873009 0.900479 0.825241 0.869956 0.841735 0.818414 0.820588 0.824404 0.788923 0.870575 0.816962 0.749650 0.782648 0.709418 0.663364 0.644458 0.516624 0.471949 0.465442 0.593110 0.424147 0.332172 0.356307 0.358036 0.312353 0.339770 0.367774 0.351794 0.363003 0.397838 0.389894 0.362200 0.336467 0.317876 0.346271 0.550793 0.882165 0.954774 0.935250 0.999329 0.995991 0.749956 0.739725 0.593053 0.544211 0.569975 0.564997 0.525448
