0.503357 0.346920 0.259834 0.291385 0.319651 0.326145 0.265382 0.347146 0.371971 0.336080 0.261151 0.356515 0.331616 0.438653 0.420284 0.374962 0.364071 0.427645 0.452158 0.387498 0.281806 0.296455 0.249761 0.116241 0.204093 0.168065 0.136005 0.137918 0.114220 0.197377 0.189343 0.113089 0.131939 0.077580 0.084892 0.168713 0.249644 0.124913 0.136378 0.143484 0.060968 0.056959 0.095524 0.148892 0.146738 0.132362 0.034145 0.080839 0.114318 0.127560 0.102789 0.093059 0.169550 0.059224 0.103711 0.107306 0.083297 -0.033503 0.148008 0.073768 0.101891 0.018659 0.059360 0.034387
0.597261 0.411671 0.263925 0.368410 0.439482 0.265438 0.357505 0.477507 0.405311 0.416498 0.402777 0.448057 0.406758 0.381132 0.481967 0.424600 0.355729 0.369555 0.401544 0.406575 0.322372 0.346617 0.372915 0.304780 0.146962 0.135508 0.157214 0.150390 0.101211 0.092808 0.049007 0.163815 0.047860 0.092213 0.098409 0.141515 0.113617 0.139696 0.162911 0.061772 0.133905 0.175409 0.148857 0.187883 0.141359 0.036307 0.115987 0.002207 0.089356 0.107981 0.043864 0.077893 0.120518 0.069184 0.165903 0.087266 0.082141 0.042715 0.163803 -0.003072 0.121252 0.034923 -0.028880 0.057706
0.344441 0.385273 0.314808 0.261412 0.305360 0.289655 0.432431 0.371141 0.350978 0.367653 0.422304 0.374611 0.418261 0.421875 0.409111 0.334372 0.412662 0.353142 0.473874 0.384757 0.382059 0.401978 0.450047 0.267729 0.318334 0.230568 0.268695 0.099138 0.092621 0.149816 0.177516 0.197292 0.139679 0.108074 0.183722 0.071111 0.116034 0.194471 0.153745 0.226931 0.100680 0.146114 0.132632 0.201847 0.188563 0.150055 0.025003 0.097199 0.144180 0.091799 -0.019079 0.054408 0.148282 0.082065 0.033638 0.060190 0.042921 0.160869 -0.017892 0.063214 0.093242 0.035584 0.016733 0.072374
0.348584 0.260650 0.342018 0.379313 0.372808 0.250727 0.416890 0.377264 0.373168 0.381604 0.383975 0.297003 0.349690 0.410986 0.367934 0.304227 0.303696 0.502281 0.342837 0.286848 0.379606 0.402593 0.373349 0.402755 0.444122 0.322702 0.229401 0.169528 0.115395 0.087167 0.158765 0.195019 0.198271 0.177769 0.198239 0.103191 0.199561 0.090626 0.123689 0.111710 0.211538 0.138017 0.111006 0.084938 0.165674 0.129889 0.150801 0.162777 0.184793 0.149397 -0.024396 0.034135 0.075500 0.054981 0.111362 0.182465 0.072480 0.070845 0.059256 0.007078 0.020938 0.066392 0.101498 0.039291
0.367335 0.313573 0.337405 0.457636 0.454446 0.332605 0.388893 0.372510 0.404321 0.351328 0.395880 0.367081 0.321676 0.355445 0.375291 0.303650 0.364226 0.414138 0.377244 0.472509 0.447127 0.459440 0.448437 0.425264 0.302800 0.341081 0.331857 0.289474 0.237589 0.262587 0.227012 0.098449 0.144946 0.153043 0.084958 0.133173 0.023465 0.123430 0.155468 0.144546 0.146479 0.228479 0.141958 0.139407 0.268494 0.077809 0.143473 0.098065 0.166597 0.160863 0.114295 0.099984 0.005189 0.044666 0.055579 0.084996 0.021331 0.002196 0.001673 0.033262 0.039337 0.011975 0.003697 0.066790
0.366246 0.237129 0.335958 0.340841 0.390764 0.346580 0.370356 0.389463 0.269385 0.288298 0.317862 0.303113 0.406855 0.383323 0.368553 0.393393 0.404918 0.414531 0.274648 0.356503 0.379875 0.368658 0.400693 0.335661 0.391115 0.414805 0.378735 0.465619 0.438750 0.414367 0.307595 0.261827 0.172602 0.183095 0.190313 0.090954 0.153258 0.187360 0.052149 0.083771 0.163988 0.161782 0.159705 0.221936 0.104754 0.115707 0.152051 0.170342 0.092919 0.073180 0.096274 0.210753 0.111521 0.141115 0.034262 0.169993 0.087477 0.085733 0.026480 0.107992 0.015525 0.070172 0.055634 0.060232
0.474099 0.367622 0.276670 0.411418 0.440617 0.327323 0.387781 0.410696 0.357424 0.412511 0.329014 0.384584 0.414580 0.396254 0.384954 0.437691 0.344011 0.337723 0.400312 0.413052 0.406617 0.394578 0.342871 0.299123 0.528914 0.380937 0.351071 0.323561 0.341172 0.413466 0.298600 0.336417 0.347921 0.203666 0.149150 0.146797 0.209371 0.144868 0.178650 0.082533 0.166549 0.089232 0.181553 0.103891 0.217402 0.184591 0.163090 0.103756 0.104079 0.178168 0.057770 0.114080 0.086752 0.105863 0.125035 0.228548 0.146608 0.079262 0.136718 0.085938 -0.010352 0.089180 0.025765 0.057704
0.407339 0.386396 0.272440 0.378074 0.348313 0.360144 0.348451 0.477464 0.384306 0.401274 0.332010 0.298137 0.405769 0.343772 0.355942 0.365320 0.286841 0.406076 0.434616 0.394628 0.331809 0.340259 0.316795 0.338815 0.377081 0.415123 0.413732 0.400243 0.437684 0.485408 0.453964 0.397074 0.406833 0.351074 0.162587 0.174637 0.137073 0.203578 0.215138 0.145169 0.111883 0.148146 0.150443 0.109298 0.086085 0.068801 0.178438 0.122384 0.164771 0.111410 0.086738 0.181564 -0.096662 0.118016 0.089153 0.043481 0.064770 0.050617 0.102630 0.134802 0.086922 0.187345 0.107380 0.017259
0.390031 0.403099 0.372833 0.384484 0.327304 0.255006 0.312038 0.511731 0.327044 0.358620 0.347970 0.494330 0.357697 0.396080 0.394842 0.425474 0.411638 0.339062 0.409955 0.361854 0.392183 0.379730 0.357749 0.371410 0.353888 0.393454 0.391383 0.329014 0.354268 0.389463 0.428209 0.335085 0.502123 0.419448 0.309638 0.284296 0.229487 0.227074 0.140174 0.123555 0.099550 0.175668 0.132997 0.110935 0.116512 0.176922 0.088346 0.096923 0.152111 0.170078 0.110775 0.144354 0.104448 0.107393 0.117723 0.037079 0.257328 0.166964 0.127055 0.086514 0.114722 0.134247 0.119965 0.078004
0.325070 0.312886 0.394233 0.407873 0.413469 0.326622 0.404112 0.466196 0.428607 0.411468 0.378864 0.356064 0.419988 0.367328 0.209936 0.323291 0.355119 0.365165 0.431462 0.421637 0.378417 0.347628 0.411645 0.327036 0.372458 0.423991 0.370867 0.378873 0.411620 0.332431 0.382352 0.413202 0.501050 0.420791 0.443252 0.244966 0.292163 0.194551 0.129002 0.134760 0.095527 0.137041 0.248059 0.115670 0.153855 0.127893 0.169776 0.176967 0.134446 0.131642 0.114842 0.158420 0.137879 0.063237 0.124133 0.216184 0.135295 0.047778 0.034577 0.029084 0.082531 0.131022 0.095102 0.034471
0.393581 0.258956 0.323451 0.406421 0.326136 0.326966 0.447363 0.394524 0.390218 0.393160 0.312090 0.312158 0.405213 0.437276 0.440960 0.389452 0.465190 0.435246 0.509392 0.344983 0.409932 0.373065 0.340139 0.383638 0.428896 0.457389 0.403263 0.414299 0.420601 0.488013 0.370558 0.339203 0.419147 0.392968 0.384261 0.355448 0.437034 0.416574 0.422610 0.341616 0.135487 0.175768 0.150843 0.089628 0.179189 0.102044 0.108316 0.091138 0.232300 0.192730 0.161588 0.171842 0.101822 0.098008 0.117515 0.117031 0.153392 0.123310 0.072653 0.085828 0.031339 0.132823 0.092588 0.138618
0.506482 0.379563 0.347409 0.339114 0.467816 0.358310 0.378145 0.463879 0.463235 0.348841 0.363913 0.436168 0.427319 0.404736 0.469903 0.417106 0.373690 0.438936 0.337185 0.397764 0.297017 0.370673 0.406796 0.353132 0.428596 0.384229 0.420436 0.310440 0.418417 0.367653 0.350976 0.360721 0.322819 0.416905 0.472387 0.477926 0.476169 0.387003 0.372055 0.358932 0.333281 0.288502 0.186752 0.175575 0.136635 0.197496 0.274319 0.113482 0.169670 0.158869 0.110994 0.083395 0.151398 0.064546 -0.005162 0.142483 0.107359 0.093782 0.175314 0.114995 0.158676 0.082535 0.048727 0.074632
0.502937 0.427861 0.332953 0.332439 0.399342 0.349563 0.389435 0.432717 0.324431 0.382488 0.467937 0.413322 0.390426 0.376190 0.448101 0.399157 0.441310 0.405921 0.364785 0.414479 0.344161 0.340452 0.321296 0.315261 0.273877 0.408120 0.373052 0.289126 0.416119 0.363630 0.466531 0.440223 0.369879 0.393939 0.368589 0.441234 0.374144 0.394913 0.367175 0.333081 0.444394 0.377570 0.311095 0.293611 0.128670 0.114811 0.150784 0.082792 0.138019 0.149213 0.105950 0.155799 0.095828 0.142524 0.145623 0.202769 0.106118 0.059878 0.188987 0.222744 0.065242 0.171886 0.105992 0.155730
0.387077 0.392154 0.375137 0.338467 0.339448 0.374792 0.374667 0.340749 0.350508 0.285935 0.409016 0.430182 0.318632 0.313934 0.345630 0.388596 0.412163 0.450088 0.347814 0.432317 0.380192 0.336953 0.406076 0.337024 0.385029 0.363449 0.406265 0.347331 0.431477 0.367802 0.387830 0.454618 0.325015 0.245811 0.366084 0.360514 0.369996 0.390869 0.435153 0.521266 0.412899 0.373393 0.349462 0.413784 0.345277 0.267300 0.189020 0.178402 0.128919 0.150439 0.148429 0.011210 0.147801 0.160485 0.196512 0.078671 0.042346 0.100719 0.093112 0.110851 0.095324 0.146641 0.144821 0.108454
0.369618 0.407851 0.379940 0.397418 0.446553 0.428740 0.432387 0.495901 0.437314 0.363501 0.358752 0.406699 0.416942 0.329405 0.293384 0.265829 0.385558 0.340047 0.338006 0.328268 0.522291 0.451863 0.354373 0.405746 0.361460 0.364611 0.355582 0.430823 0.396551 0.388302 0.329722 0.345296 0.449628 0.415573 0.370178 0.399840 0.422889 0.458099 0.364175 0.450495 0.443673 0.420120 0.464425 0.397571 0.474230 0.358580 0.275226 0.159882 0.154274 0.066805 0.073088 0.103254 0.086770 0.147112 0.110883 0.197788 0.059102 0.120543 0.148141 0.141340 0.115852 0.069045 0.186222 0.160675
0.243829 0.384382 0.286466 0.386027 0.419937 0.367651 0.417699 0.502394 0.337655 0.377377 0.333639 0.324806 0.368263 0.368264 0.385095 0.345990 0.440194 0.309937 0.353424 0.318406 0.478776 0.371334 0.470911 0.340967 0.373647 0.346448 0.324372 0.339027 0.425205 0.378818 0.393561 0.389921 0.450471 0.394515 0.383712 0.285612 0.406913 0.407177 0.502261 0.383936 0.391900 0.456233 0.473512 0.401004 0.330168 0.300472 0.261530 0.342945 0.272016 0.157232 0.140209 0.143030 0.068462 0.089201 0.090462 0.250502 0.063338 0.057343 0.126849 0.111251 0.084717 0.069947 0.094897 0.181729
0.456268 0.402188 0.347709 0.437594 0.351017 0.418018 0.315224 0.273045 0.340401 0.429951 0.331652 0.372209 0.315791 0.426878 0.349014 0.314611 0.294849 0.442421 0.389223 0.401242 0.250354 0.377542 0.291142 0.378908 0.394741 0.335706 0.364131 0.378156 0.280141 0.354254 0.303501 0.345236 0.340997 0.341545 0.406934 0.438011 0.459274 0.447199 0.423762 0.464692 0.371657 0.391282 0.341994 0.394023 0.384608 0.413547 0.353893 0.462475 0.415890 0.256188 0.282097 0.265998 0.132686 0.185665 0.220110 0.204244 0.093861 0.184484 0.194347 0.101708 0.163216 0.166986 0.155770 0.205837
0.448061 0.333640 0.393729 0.362158 0.409350 0.387257 0.475179 0.470524 0.448144 0.308728 0.440510 0.330768 0.302243 0.307994 0.482293 0.346743 0.446212 0.485864 0.422910 0.465263 0.370656 0.428584 0.394108 0.312973 0.349598 0.358386 0.363531 0.372837 0.378698 0.355637 0.332950 0.435685 0.348843 0.361391 0.403072 0.229881 0.303681 0.346975 0.357302 0.330799 0.433432 0.356464 0.358082 0.514003 0.325836 0.350942 0.349976 0.354248 0.240328 0.394236 0.376473 0.275283 0.256880 0.214360 0.167530 0.121138 0.179527 0.220331 0.139393 0.134199 0.084149 0.306703 0.313865 0.442702
0.315805 0.351600 0.312595 0.338797 0.246271 0.306258 0.346950 0.279967 0.334142 0.423178 0.362476 0.372065 0.359018 0.390268 0.448468 0.370374 0.482983 0.369684 0.320181 0.343102 0.389431 0.375990 0.415842 0.420525 0.463144 0.389117 0.464119 0.383664 0.369355 0.416814 0.278278 0.323321 0.313439 0.344334 0.410594 0.391002 0.455136 0.420869 0.431148 0.365290 0.323108 0.399113 0.437255 0.329036 0.275889 0.275438 0.315729 0.321383 0.342229 0.472641 0.537240 0.403665 0.346519 0.224870 0.172804 0.293418 0.140869 0.221070 0.289535 0.371355 0.408482 0.398046 0.522737 0.448095
0.439052 0.304349 0.427195 0.425984 0.443168 0.356159 0.378424 0.486903 0.367233 0.349553 0.334538 0.419883 0.425276 0.323458 0.344721 0.347980 0.297816 0.361137 0.462670 0.487054 0.465484 0.311842 0.309367 0.377976 0.414496 0.366623 0.344471 0.361443 0.374328 0.303916 0.323540 0.377463 0.428683 0.346768 0.431181 0.390160 0.392006 0.363540 0.318202 0.288692 0.246269 0.383457 0.389544 0.414212 0.304437 0.355659 0.339061 0.304076 0.417124 0.319050 0.317006 0.275151 0.244250 0.274971 0.240048 0.390848 0.472568 0.428139 0.410174 0.503385 0.447112 0.512749 0.567014 0.550097
0.318129 0.418448 0.394529 0.398779 0.314092 0.418582 0.433284 0.454050 0.458352 0.409042 0.344488 0.468587 0.404704 0.335155 0.459254 0.436888 0.408081 0.408290 0.424599 0.340167 0.312043 0.338170 0.432975 0.455137 0.440221 0.354987 0.366053 0.344543 0.396626 0.378829 0.399207 0.354016 0.395444 0.374928 0.326689 0.352929 0.394130 0.353147 0.332191 0.379319 0.430538 0.496959 0.405021 0.455692 0.401573 0.321970 0.368215 0.323673 0.442126 0.374905 0.360190 0.205926 0.188550 0.283877 0.364285 0.573751 0.394972 0.450590 0.400931 0.508773 0.547111 0.519261 0.542373 0.621847
0.344477 0.350730 0.375883 0.349417 0.400143 0.377657 0.321570 0.440302 0.238061 0.424715 0.301615 0.360991 0.414370 0.326135 0.409450 0.398438 0.320545 0.440023 0.395706 0.314829 0.312310 0.310134 0.349942 0.391929 0.513706 0.424392 0.430802 0.405540 0.403166 0.379446 0.272684 0.410044 0.376360 0.350658 0.354072 0.411089 0.460853 0.405346 0.428952 0.467268 0.458392 0.377139 0.350151 0.355962 0.381375 0.353084 0.400373 0.333930 0.388760 0.407383 0.387869 0.163854 0.241843 0.320432 0.411229 0.515180 0.570597 0.590291 0.574444 0.568440 0.617863 0.542551 0.534195 0.404877
0.463315 0.399007 0.340742 0.414466 0.354777 0.309601 0.370227 0.384592 0.441529 0.441267 0.460154 0.384407 0.278031 0.299077 0.428989 0.214001 0.376456 0.380399 0.418066 0.391227 0.568462 0.333133 0.338660 0.412477 0.377401 0.377295 0.341660 0.310727 0.294006 0.432568 0.376485 0.322625 0.409433 0.413457 0.377683 0.398994 0.346765 0.392282 0.356105 0.345303 0.348234 0.368658 0.478182 0.440949 0.407422 0.440745 0.435611 0.349756 0.315421 0.253587 0.343097 0.274154 0.138227 0.437958 0.567095 0.601522 0.659525 0.534526 0.435351 0.432722 0.419929 0.454706 0.440076 0.428495
0.409482 0.301916 0.347676 0.372445 0.309859 0.319052 0.376773 0.420606 0.402899 0.413892 0.317698 0.282726 0.412316 0.299124 0.372223 0.469150 0.397699 0.391889 0.414312 0.438537 0.424582 0.345647 0.316213 0.388819 0.393830 0.280300 0.287926 0.393516 0.327822 0.389124 0.324910 0.349233 0.297630 0.375694 0.287312 0.372961 0.341765 0.366189 0.378244 0.388081 0.480303 0.465724 0.427516 0.400051 0.382969 0.308873 0.308953 0.250193 0.386237 0.294188 0.340797 0.267886 0.227738 0.532529 0.661036 0.487148 0.480467 0.476487 0.355082 0.383438 0.415178 0.365408 0.349008 0.309355
0.284560 0.292626 0.328443 0.388562 0.341197 0.263544 0.318352 0.474724 0.378343 0.450658 0.448563 0.461303 0.458936 0.298408 0.332935 0.347208 0.336057 0.273568 0.275260 0.359817 0.382472 0.412691 0.365152 0.344286 0.351825 0.382759 0.420005 0.381916 0.401161 0.315432 0.313456 0.392444 0.404781 0.330576 0.269728 0.315107 0.460369 0.404013 0.424814 0.432731 0.398891 0.333034 0.347810 0.377377 0.394857 0.346107 0.393082 0.365584 0.409236 0.458621 0.419987 0.341923 0.345308 0.554521 0.680666 0.656021 0.515716 0.486664 0.222233 0.247848 0.222726 0.218181 0.259861 0.290209
0.358593 0.313151 0.387737 0.380579 0.382599 0.476091 0.484063 0.455165 0.401750 0.395420 0.344079 0.425889 0.390183 0.338994 0.299938 0.402927 0.436131 0.470591 0.407600 0.367128 0.465727 0.387743 0.420682 0.258561 0.406053 0.316840 0.360525 0.369436 0.328967 0.415074 0.480518 0.285972 0.354441 0.408171 0.324022 0.462870 0.354813 0.434643 0.383410 0.384430 0.415090 0.398934 0.404158 0.383142 0.417562 0.398608 0.262156 0.163319 0.328268 0.301603 0.340863 0.233149 0.355686 0.693759 0.793513 0.627819 0.666853 0.570141 0.235578 0.161073 0.140057 0.237072 0.241861 0.244443
0.264092 0.316486 0.294614 0.465390 0.369308 0.467855 0.346220 0.350623 0.224309 0.367779 0.309198 0.322416 0.290151 0.368455 0.442872 0.484248 0.355835 0.408453 0.379382 0.367085 0.292122 0.305295 0.319141 0.381764 0.346870 0.335038 0.298376 0.328497 0.449340 0.483214 0.474867 0.448118 0.469046 0.560543 0.568266 0.482509 0.403051 0.428741 0.353762 0.489060 0.423489 0.343725 0.401666 0.380036 0.248383 0.368347 0.337114 0.330184 0.334998 0.403596 0.360363 0.309790 0.356348 0.811803 0.864407 0.739776 0.682773 0.544719 0.215796 0.191294 0.251440 0.237720 0.303424 0.351280
0.420639 0.390562 0.278833 0.337643 0.340213 0.424673 0.320487 0.376124 0.357364 0.366386 0.352581 0.381313 0.260771 0.503256 0.381205 0.331495 0.363484 0.329623 0.401187 0.438543 0.294574 0.311464 0.323399 0.276125 0.444371 0.308032 0.413866 0.443486 0.437264 0.434987 0.519598 0.435349 0.569212 0.555737 0.423378 0.409470 0.420567 0.312317 0.419386 0.397888 0.441822 0.350930 0.361009 0.372947 0.383616 0.347242 0.379628 0.323684 0.369650 0.412055 0.427109 0.348984 0.478687 0.888835 0.921141 0.672238 0.679146 0.504882 0.343658 0.268471 0.229492 0.270260 0.276785 0.336560
0.376245 0.255175 0.386046 0.362078 0.351029 0.395157 0.363528 0.478155 0.432005 0.425050 0.343147 0.362613 0.227809 0.267535 0.271549 0.365259 0.386281 0.393157 0.345670 0.362235 0.414028 0.426799 0.482878 0.425857 0.482748 0.515320 0.563925 0.556168 0.461096 0.446796 0.394960 0.270289 0.348418 0.393225 0.200646 0.325792 0.348358 0.332788 0.360867 0.396827 0.357335 0.316795 0.371520 0.371901 0.402515 0.349078 0.446535 0.332389 0.318128 0.314301 0.306369 0.358515 0.519924 0.772244 1.019049 0.749660 0.725787 0.535462 0.257624 0.306119 0.306779 0.252459 0.280167 0.347692
0.399883 0.347703 0.293899 0.357889 0.353689 0.324446 0.429970 0.409718 0.351751 0.409787 0.416826 0.338900 0.119910 0.091557 0.156763 0.334854 0.382236 0.369140 0.420850 0.488391 0.499113 0.454767 0.594304 0.388668 0.440099 0.485715 0.607748 0.588664 0.442000 0.317840 0.260219 0.180491 0.409973 0.328055 0.270383 0.381836 0.416930 0.354013 0.352752 0.337412 0.374082 0.337884 0.250906 0.272055 0.317432 0.331160 0.353015 0.481590 0.453496 0.383946 0.411667 0.346199 0.583326 1.012242 0.939825 0.845433 0.826561 0.560208 0.426123 0.345919 0.287213 0.266620 0.282924 0.337709
0.323662 0.396458 0.450200 0.495243 0.400131 0.392131 0.511481 0.509412 0.439846 0.414471 0.417171 0.296077 0.196190 0.144779 0.246884 0.471421 0.496874 0.474279 0.401960 0.425876 0.442077 0.421864 0.368991 0.224280 0.203535 0.247848 0.726284 0.661650 0.509846 0.280802 0.294725 0.196772 0.259326 0.249551 0.298176 0.373036 0.447611 0.298724 0.366454 0.281180 0.307258 0.358633 0.296020 0.369213 0.418602 0.409909 0.318821 0.482554 0.326144 0.429137 0.367910 0.417300 0.686192 0.881707 1.022318 0.929985 0.833871 0.606473 0.341175 0.426086 0.395581 0.358784 0.368673 0.426441
0.256477 0.210387 0.400581 0.454037 0.326410 0.425176 0.463161 0.370520 0.431521 0.276082 0.356827 0.373404 0.292090 0.070141 0.372385 0.523901 0.404860 0.297803 0.214270 0.270776 0.206926 0.184420 0.080579 0.013963 0.088101 0.227613 0.624345 0.702427 0.511590 0.350484 0.263670 0.226052 0.344479 0.374714 0.362654 0.369268 0.363517 0.325031 0.341613 0.389886 0.430157 0.418894 0.373448 0.391733 0.376950 0.444850 0.274690 0.291328 0.377587 0.335071 0.425836 0.432223 0.651192 0.830638 0.981134 0.978278 0.804770 0.597274 0.467774 0.474291 0.394949 0.371045 0.359956 0.380371
0.333550 0.463384 0.349368 0.344235 0.364023 0.334800 0.415928 0.351163 0.428805 0.513718 0.427652 0.515507 0.324966 0.386362 0.411639 0.611511 0.411669 0.339830 0.095490 0.161521 0.054843 0.061115 0.061255 0.056841 -0.012126 0.299348 0.697905 0.736100 0.461445 0.385945 0.275453 0.174927 0.350320 0.376616 0.379763 0.395326 0.379137 0.344844 0.401599 0.385531 0.302225 0.218399 0.329209 0.225327 0.316853 0.375256 0.384471 0.320143 0.294387 0.325780 0.479371 0.399379 0.668718 0.925559 0.922642 0.978291 0.936154 0.698081 0.463834 0.546601 0.375426 0.439435 0.430859 0.379160
0.348801 0.332525 0.298479 0.345390 0.298477 0.332671 0.453310 0.440128 0.279166 0.316181 0.350189 0.364017 0.404394 0.312907 0.560503 0.696511 0.499330 0.280927 0.196927 0.113374 -0.022784 -0.047745 0.006523 0.085667 0.149554 0.342598 0.753751 0.707867 0.575805 0.394305 0.287030 0.139269 0.264056 0.337821 0.416779 0.342713 0.348730 0.343921 0.313233 0.313867 0.335736 0.363816 0.336399 0.347360 0.356181 0.368732 0.337318 0.352735 0.245569 0.229246 0.340902 0.354335 0.614715 0.909723 1.002440 1.018900 0.992320 0.668670 0.428912 0.499299 0.325852 0.393657 0.328188 0.356542
0.379726 0.279373 0.236181 0.331782 0.259221 0.403724 0.400055 0.424362 0.311718 0.331094 0.316587 0.394140 0.397471 0.313760 0.510849 0.694043 0.470466 0.472936 0.272815 0.094794 -0.046339 0.001849 0.145389 0.158325 0.182533 0.420328 0.854897 0.904946 0.686913 0.472659 0.311724 0.305833 0.271073 0.330565 0.402078 0.452577 0.398776 0.484753 0.411874 0.399918 0.471542 0.314698 0.366032 0.423387 0.329740 0.309314 0.333938 0.352935 0.350845 0.371556 0.325934 0.400072 0.592018 0.985683 1.036611 0.998392 0.936882 0.745845 0.463573 0.445662 0.324149 0.410478 0.452265 0.265203
0.440052 0.403982 0.465324 0.413953 0.370557 0.309871 0.413417 0.380630 0.349980 0.377210 0.384042 0.352975 0.335344 0.397738 0.674040 0.774382 0.510775 0.433812 0.313975 -0.016803 0.006718 0.125846 0.144472 0.186351 0.204574 0.569685 0.930636 1.043898 0.723487 0.515930 0.367288 0.355558 0.283623 0.406279 0.393609 0.377321 0.412989 0.355529 0.286161 0.331451 0.336158 0.352561 0.391479 0.330793 0.392627 0.331019 0.403693 0.381515 0.286376 0.392551 0.382693 0.432270 0.665060 1.007445 0.967122 1.047593 0.948203 0.796618 0.646766 0.475725 0.487570 0.432220 0.449212 0.387892
0.279787 0.358264 0.338889 0.401198 0.377223 0.438526 0.370311 0.458465 0.324529 0.374506 0.340814 0.356892 0.423766 0.537211 0.826706 0.837290 0.555371 0.514391 0.288257 0.170669 0.055977 0.257381 0.188468 0.209231 0.193935 0.519976 0.920315 1.044728 0.768438 0.565277 0.380380 0.346586 0.214183 0.365786 0.434605 0.407062 0.421368 0.254828 0.379359 0.383461 0.486924 0.415156 0.358861 0.405135 0.381719 0.279276 0.400139 0.385770 0.365014 0.337597 0.358434 0.357538 0.607926 0.929673 0.999811 1.055600 0.999797 0.848172 0.710677 0.603909 0.513620 0.689758 0.405185 0.501028
0.336550 0.386811 0.450656 0.371324 0.241275 0.353805 0.402047 0.453106 0.330686 0.411605 0.403942 0.377391 0.456194 0.575983 0.905050 0.929144 0.551263 0.475566 0.227075 0.110825 0.091552 0.174046 0.207290 0.263333 0.274272 0.556637 0.910963 0.925360 0.793780 0.554269 0.321794 0.248874 0.435345 0.293528 0.393868 0.442651 0.437033 0.455634 0.468793 0.451539 0.438291 0.374747 0.411399 0.301265 0.361965 0.330206 0.337805 0.323802 0.485539 0.381821 0.406682 0.383748 0.685871 0.997114 0.988717 0.970666 0.920273 0.880430 0.634852 0.552760 0.600569 0.589620 0.481220 0.448379
0.412693 0.462906 0.329266 0.395361 0.351513 0.334025 0.365870 0.436045 0.418035 0.358000 0.418471 0.492272 0.414594 0.523012 0.866645 0.997633 0.793969 0.576780 0.278916 0.162119 0.026774 0.236974 0.185198 0.238305 0.277039 0.583469 0.924280 0.992710 0.774970 0.528306 0.328227 0.241227 0.459767 0.424064 0.402441 0.442773 0.443422 0.344112 0.287885 0.257232 0.312349 0.312665 0.338494 0.355577 0.426802 0.446557 0.505933 0.428367 0.512128 0.398223 0.355025 0.380366 0.877314 1.027655 0.987837 0.975253 0.960290 0.908775 0.586995 0.642544 0.541292 0.482694 0.509770 0.432920
0.298206 0.208660 0.383732 0.439765 0.399091 0.402279 0.484623 0.283029 0.436549 0.338461 0.309507 0.263003 0.373011 0.521738 0.851275 1.003970 0.662810 0.599108 0.290150 0.137572 0.170388 0.127271 0.249095 0.218361 0.326534 0.629895 0.982178 0.962298 0.828430 0.661766 0.447452 0.351727 0.409894 0.403768 0.426675 0.543868 0.479704 0.388378 0.418897 0.356654 0.397186 0.413841 0.465816 0.356123 0.454437 0.458165 0.402965 0.350387 0.321555 0.405153 0.311062 0.452339 0.672729 0.962959 1.020176 0.963759 0.929738 0.975232 0.709209 0.536739 0.442412 0.409581 0.456633 0.331570
0.408365 0.470047 0.438848 0.447323 0.343489 0.407093 0.441530 0.395421 0.327436 0.367571 0.388357 0.394607 0.451613 0.612511 0.931608 1.000224 0.788829 0.519837 0.343816 0.164701 0.085230 0.207224 0.261662 0.321164 0.308414 0.598712 0.850010 0.847902 0.839097 0.771904 0.534818 0.233834 0.415959 0.433758 0.471679 0.478678 0.475749 0.460868 0.414250 0.373293 0.277147 0.391809 0.339745 0.405385 0.277310 0.403546 0.334826 0.345950 0.334645 0.397356 0.395459 0.437063 0.743290 0.943849 0.987855 0.977027 0.996318 0.919441 0.776712 0.488630 0.520567 0.548167 0.473374 0.533716
0.295769 0.443945 0.458852 0.464681 0.418523 0.318540 0.463777 0.525690 0.306417 0.378196 0.431283 0.294171 0.401995 0.579302 0.867777 0.975535 0.760867 0.649497 0.328107 0.163031 0.130259 0.174614 0.166267 0.196246 0.254769 0.636512 0.930619 0.924121 0.861624 0.768311 0.483265 0.387627 0.442776 0.337767 0.466972 0.453754 0.354790 0.282879 0.248384 0.252668 0.372344 0.376462 0.451828 0.424900 0.394154 0.399452 0.367706 0.448434 0.431313 0.396316 0.334960 0.433749 0.750919 0.928801 1.040500 1.096108 0.939556 0.936596 0.788868 0.533133 0.527036 0.497715 0.524419 0.467790
0.292083 0.362459 0.503416 0.428034 0.328200 0.359290 0.371530 0.330143 0.369272 0.302564 0.348400 0.273569 0.428316 0.594208 0.997354 1.037607 0.854123 0.696377 0.393445 0.135615 0.067342 0.240287 0.288893 0.261972 0.258050 0.672432 0.849234 0.928354 0.894111 0.712676 0.393760 0.402613 0.422357 0.331758 0.484313 0.406926 0.427773 0.358785 0.405981 0.408381 0.459938 0.470448 0.373713 0.445043 0.414061 0.351129 0.327715 0.258187 0.445895 0.349760 0.426972 0.501678 0.745102 0.953901 1.049763 1.014233 0.970769 0.817569 0.744417 0.667827 0.457948 0.560142 0.456155 0.561744
0.308647 0.296053 0.497949 0.364801 0.287308 0.315167 0.480405 0.303627 0.357078 0.383383 0.313099 0.373741 0.433945 0.652471 0.953994 0.992659 0.822386 0.866904 0.542491 0.282079 0.168385 0.312665 0.410215 0.339436 0.391017 0.726723 0.865175 0.892749 0.899382 0.692531 0.507697 0.375466 0.453503 0.487129 0.453223 0.471902 0.329414 0.283571 0.433738 0.364284 0.354808 0.300020 0.324985 0.411201 0.353894 0.352769 0.337335 0.330893 0.318749 0.364726 0.315603 0.336239 0.816981 0.993359 1.008128 1.071908 0.946530 0.858852 0.675712 0.606042 0.531261 0.511727 0.530803 0.533920
0.347198 0.250681 0.410846 0.358925 0.417641 0.462354 0.374307 0.323865 0.362210 0.405839 0.386010 0.359459 0.298169 0.625087 0.967478 0.978524 0.954736 0.798299 0.523882 0.214412 0.129817 0.312006 0.273903 0.383831 0.367337 0.601819 0.911978 1.009713 0.784505 0.680905 0.436059 0.387710 0.423159 0.390824 0.480513 0.473379 0.306942 0.298776 0.433862 0.356276 0.372481 0.368217 0.300816 0.375387 0.383002 0.399100 0.424204 0.399063 0.331516 0.336323 0.379582 0.459536 0.801068 0.956292 0.940073 1.001275 1.000006 0.894063 0.719928 0.658945 0.501184 0.501806 0.519128 0.491564
0.286364 0.361425 0.354370 0.364731 0.264533 0.376246 0.339813 0.405423 0.260616 0.382865 0.416673 0.365546 0.439025 0.564140 0.921733 1.017649 0.839359 0.750243 0.515741 0.255613 0.245565 0.395673 0.323047 0.356755 0.333793 0.717298 1.082669 0.985465 0.771121 0.743632 0.486199 0.415438 0.525195 0.467423 0.464274 0.576304 0.389889 0.345089 0.428014 0.488970 0.454663 0.413832 0.437675 0.372721 0.328284 0.359412 0.377409 0.348922 0.342575 0.352969 0.419791 0.424596 0.768927 0.992870 1.007422 0.964862 0.971164 0.889166 0.746541 0.535290 0.578746 0.560961 0.565354 0.515107
0.405001 0.316740 0.470362 0.412203 0.396699 0.372113 0.502898 0.418565 0.401484 0.336426 0.319518 0.434641 0.464558 0.726879 0.816357 0.962995 0.826134 0.746221 0.452170 0.236107 0.365430 0.336970 0.323330 0.309003 0.351455 0.705711 0.997166 0.858872 0.816971 0.790931 0.536534 0.339821 0.439477 0.501424 0.477800 0.535934 0.384434 0.302433 0.319385 0.282600 0.306867 0.352238 0.350654 0.297891 0.426355 0.469486 0.380260 0.452385 0.481216 0.390479 0.452262 0.339493 0.781861 1.026927 0.984840 1.009034 0.921430 0.978299 0.668357 0.671296 0.559164 0.498263 0.561287 0.515353
0.380552 0.366767 0.329188 0.383179 0.343772 0.416015 0.359468 0.350750 0.291327 0.284718 0.342595 0.414962 0.508909 0.593937 0.901367 1.022547 0.770815 0.917293 0.445187 0.189190 0.250292 0.319894 0.316928 0.419078 0.338360 0.838056 1.061688 1.016083 0.911881 0.799780 0.528009 0.397603 0.387984 0.505640 0.465625 0.464450 0.444365 0.289456 0.327044 0.364587 0.353117 0.354617 0.316529 0.420340 0.397245 0.294369 0.348918 0.354802 0.365403 0.290066 0.366339 0.351057 0.729630 0.935053 1.013128 1.020043 1.010555 0.815861 0.718858 0.674926 0.607002 0.678059 0.564615 0.531341
0.408982 0.415904 0.375841 0.351663 0.376296 0.422633 0.465603 0.355193 0.380726 0.386065 0.394598 0.445238 0.442089 0.678186 0.883682 0.974801 0.766305 0.825720 0.377890 0.277518 0.314685 0.326608 0.322874 0.313846 0.417658 0.691692 0.899725 0.883676 0.820061 0.827971 0.516064 0.425233 0.436729 0.490838 0.458431 0.455429 0.429218 0.356169 0.427851 0.462873 0.334251 0.394271 0.299015 0.425550 0.369615 0.278530 0.347787 0.282634 0.353561 0.355588 0.342682 0.365047 0.722462 0.988179 0.948288 0.930058 0.917848 0.837460 0.730500 0.646323 0.557424 0.648190 0.509948 0.492174
0.414208 0.378124 0.304951 0.403893 0.283082 0.444776 0.438456 0.361580 0.355132 0.440004 0.342209 0.473299 0.455050 0.744737 0.936627 0.974085 0.863997 0.800403 0.397145 0.156776 0.315379 0.343594 0.430188 0.374535 0.486090 0.749126 0.933557 0.970816 0.778898 0.787586 0.467347 0.420043 0.493572 0.483020 0.491152 0.545140 0.339361 0.377964 0.402386 0.295858 0.297851 0.329541 0.408114 0.362094 0.312315 0.374134 0.332407 0.380601 0.292293 0.327380 0.401758 0.478849 0.784090 0.931945 0.947799 1.013470 0.983514 0.847675 0.762855 0.625208 0.578047 0.571267 0.569313 0.581749
0.400828 0.369078 0.358542 0.356497 0.355524 0.439300 0.558281 0.338172 0.367688 0.439504 0.366880 0.453848 0.588855 0.647244 0.895130 0.994634 0.807949 0.921371 0.491767 0.303980 0.386817 0.404781 0.446656 0.314287 0.366640 0.739936 1.071247 0.985506 0.822911 0.773508 0.443550 0.398912 0.571767 0.558189 0.595801 0.640792 0.422341 0.314202 0.397788 0.356964 0.476491 0.341052 0.352049 0.413652 0.310389 0.353148 0.310407 0.315449 0.343214 0.336057 0.444211 0.452059 0.770381 0.953250 0.986013 0.981557 1.011865 0.786315 0.777803 0.645198 0.535935 0.701684 0.534771 0.552082
0.361411 0.327976 0.404761 0.348016 0.410462 0.462815 0.572375 0.355411 0.264239 0.456052 0.321970 0.461074 0.531823 0.769082 0.975091 0.927601 0.825578 0.745945 0.484743 0.309300 0.345911 0.390295 0.379743 0.335478 0.458186 0.794168 0.989603 0.983030 0.776201 0.820185 0.518295 0.426110 0.483061 0.595354 0.610617 0.521221 0.389998 0.405634 0.374838 0.414085 0.266094 0.266972 0.284644 0.361515 0.291646 0.337352 0.394491 0.390243 0.375076 0.361636 0.439696 0.417098 0.724700 0.993545 0.930861 0.992925 1.012568 0.832759 0.738974 0.650993 0.613215 0.530119 0.502605 0.546988
0.362071 0.308319 0.518892 0.359523 0.329805 0.362743 0.435584 0.454052 0.363433 0.377967 0.397516 0.402802 0.487629 0.670072 0.936760 0.968844 0.806486 0.742468 0.471290 0.319998 0.379497 0.466447 0.342244 0.429134 0.467650 0.784976 1.000541 0.984429 0.806804 0.815293 0.419497 0.493602 0.586787 0.549150 0.737804 0.499373 0.375977 0.346665 0.345422 0.400595 0.353206 0.447462 0.364834 0.453850 0.273037 0.372377 0.470291 0.386336 0.483182 0.390580 0.383242 0.415255 0.870322 0.980058 0.957824 0.855087 0.921840 0.828025 0.789726 0.602258 0.567490 0.561900 0.590277 0.454536
0.328542 0.343826 0.431715 0.323629 0.380925 0.454617 0.368440 0.348024 0.317465 0.412143 0.455448 0.515983 0.506444 0.716584 0.982614 0.936687 0.873989 0.757052 0.506262 0.316388 0.408026 0.513571 0.438291 0.363271 0.551907 0.785859 1.020014 1.020602 0.800750 0.844252 0.424746 0.567180 0.541981 0.572037 0.593239 0.530168 0.447696 0.308828 0.435859 0.331946 0.446319 0.231241 0.366823 0.461739 0.396216 0.336704 0.278150 0.375350 0.367576 0.375273 0.422795 0.459231 0.807492 0.972769 0.978015 0.985531 0.891229 0.825606 0.679740 0.670397 0.626438 0.558896 0.520345 0.550493
0.338296 0.418864 0.432333 0.467144 0.367138 0.484938 0.469907 0.390224 0.300348 0.487826 0.374120 0.470382 0.483680 0.754835 0.886592 0.960763 0.874367 0.834507 0.517230 0.360715 0.408542 0.419773 0.481324 0.436740 0.586668 0.805537 0.874807 0.966374 0.840872 0.810556 0.428562 0.480639 0.586853 0.592825 0.658595 0.554844 0.406037 0.351943 0.400692 0.384138 0.383660 0.332540 0.343150 0.225903 0.360578 0.390189 0.413636 0.393239 0.385886 0.346002 0.353366 0.469172 0.836107 0.963665 0.999789 0.969452 0.934735 0.791529 0.802676 0.563095 0.600139 0.588462 0.554373 0.486145
0.457532 0.316115 0.296897 0.422950 0.214781 0.558368 0.472740 0.309322 0.300074 0.363521 0.341556 0.406293 0.539810 0.778702 0.942836 0.971177 0.945856 0.748715 0.500126 0.353188 0.479404 0.544844 0.456330 0.503403 0.524766 0.827362 0.940641 0.933946 0.892785 0.834246 0.473079 0.661360 0.619058 0.616735 0.550356 0.547917 0.305584 0.336317 0.285465 0.342022 0.341125 0.271728 0.301970 0.326764 0.390164 0.373644 0.443021 0.282227 0.359154 0.296858 0.389702 0.552154 0.814045 0.982738 1.066976 1.018287 0.975852 0.857050 0.777203 0.709333 0.649124 0.683131 0.578005 0.543961
0.290888 0.349851 0.449898 0.359596 0.444893 0.446589 0.327294 0.364720 0.334418 0.405069 0.424597 0.459198 0.567047 0.828411 0.971300 0.984703 0.851473 0.805082 0.460444 0.383706 0.537382 0.510647 0.348267 0.545425 0.511947 0.911921 0.902100 0.944087 0.809686 0.690082 0.428055 0.477922 0.497784 0.594453 0.685160 0.591259 0.499721 0.322191 0.314031 0.336263 0.429231 0.325561 0.317244 0.326709 0.395224 0.352901 0.377157 0.371805 0.419658 0.381511 0.408016 0.481037 0.801985 0.957452 0.970484 0.988107 0.985061 0.761166 0.796403 0.589670 0.605651 0.517894 0.624464 0.593908
0.341874 0.482476 0.442328 0.284683 0.385144 0.473575 0.442742 0.300029 0.298784 0.256634 0.395892 0.305659 0.417118 0.766825 0.902070 0.960993 0.851052 0.794935 0.462344 0.236201 0.439309 0.466689 0.476588 0.545706 0.483772 0.875238 0.927315 1.029870 0.873412 0.793192 0.448519 0.496358 0.714131 0.669970 0.688347 0.625575 0.467543 0.369752 0.319112 0.345046 0.366013 0.336498 0.400864 0.301030 0.397895 0.472753 0.435189 0.408272 0.386183 0.440403 0.510120 0.543114 0.898726 1.002836 0.962530 0.944868 0.916385 0.682351 0.734061 0.586804 0.553327 0.490368 0.631337 0.591487
0.337800 0.324545 0.372306 0.338334 0.336369 0.401737 0.400380 0.355274 0.354995 0.346419 0.362055 0.547517 0.495596 0.796778 0.944385 0.948503 0.914578 0.711204 0.498739 0.421755 0.470228 0.571549 0.476585 0.453604 0.454827 0.830987 0.843815 1.010272 0.877941 0.841842 0.695676 0.671196 0.718289 0.820620 0.872673 0.775485 0.457427 0.404479 0.408944 0.366523 0.371171 0.385509 0.373858 0.463908 0.391707 0.432836 0.387186 0.382406 0.356614 0.342999 0.394596 0.509696 0.851917 0.975375 1.047181 0.870645 0.947573 0.755197 0.673130 0.599169 0.634178 0.581561 0.591376 0.552993
0.371888 0.417422 0.396223 0.339605 0.391111 0.456802 0.477915 0.293761 0.262544 0.284926 0.292733 0.458210 0.559108 0.760348 0.911305 0.958939 0.845547 0.738323 0.455228 0.443051 0.521761 0.484887 0.540186 0.509751 0.692290 0.961030 0.998187 1.012111 0.940779 0.964204 0.890588 0.863221 0.974679 0.888838 0.924479 0.749060 0.398730 0.359810 0.394033 0.412375 0.359097 0.282093 0.303136 0.271007 0.305564 0.349361 0.351596 0.337238 0.316108 0.369862 0.384427 0.479591 0.849118 1.102514 0.949722 1.002851 0.962389 0.748462 0.683094 0.650194 0.558226 0.563320 0.547861 0.549952
0.331917 0.384919 0.372490 0.212079 0.307727 0.477111 0.371754 0.255370 0.317792 0.320396 0.312371 0.401028 0.559861 0.761181 0.931077 0.914500 0.895485 0.867206 0.622655 0.551223 0.621845 0.646597 0.775781 0.829162 0.825778 0.865160 0.941499 0.975507 0.946587 0.862196 0.910256 0.888845 0.942286 0.868322 0.808834 0.630585 0.370832 0.348312 0.474742 0.289866 0.317852 0.371048 0.366548 0.362218 0.339810 0.350615 0.370863 0.377334 0.265685 0.376511 0.301223 0.504441 0.858649 0.990817 0.867368 0.955951 0.909270 0.779290 0.666402 0.580414 0.612481 0.553436 0.611916 0.438322
0.296331 0.375494 0.427737 0.296831 0.435141 0.455791 0.476748 0.347833 0.274304 0.340831 0.314950 0.428460 0.562261 0.824418 0.926674 0.977415 0.997066 0.930553 0.762749 0.822463 0.910248 0.941970 0.929864 0.874198 0.953822 0.951223 0.972934 0.854908 0.906490 0.904625 0.806047 0.870500 0.856984 0.841134 0.822289 0.673854 0.428513 0.348507 0.389003 0.346484 0.383448 0.370228 0.399091 0.429695 0.263625 0.315981 0.278904 0.336085 0.325116 0.243836 0.368548 0.486607 0.907486 0.885768 0.919838 0.972596 0.965896 0.782089 0.696591 0.603518 0.616338 0.618871 0.565338 0.496654
0.410710 0.425709 0.468199 0.351495 0.379234 0.490439 0.404869 0.403569 0.202928 0.300251 0.262119 0.484731 0.550348 0.804192 0.869952 0.983232 0.916408 0.995235 0.940161 0.913033 0.933554 0.947273 0.904537 0.847451 0.852638 0.856569 0.801728 0.804334 0.779111 0.817740 0.878189 0.789563 0.736459 0.778499 0.741792 0.674176 0.559213 0.392437 0.369422 0.278977 0.334710 0.219560 0.334736 0.322578 0.318353 0.302249 0.360726 0.324626 0.401653 0.425110 0.331406 0.553116 0.847002 1.028100 0.964150 0.949840 0.972780 0.744518 0.703613 0.680067 0.526519 0.583963 0.566172 0.623871
0.267349 0.335840 0.290005 0.290692 0.309540 0.371019 0.452132 0.275659 0.305232 0.294886 0.372960 0.445461 0.619018 0.839323 0.891649 0.879397 0.860910 0.861848 0.801986 0.830087 0.864373 0.843420 0.867165 0.768169 0.791316 0.791618 0.871802 0.902551 0.729009 0.687183 0.712017 0.673867 0.598977 0.489156 0.518061 0.522129 0.480282 0.344486 0.346618 0.302212 0.331948 0.327894 0.384184 0.413381 0.317788 0.420940 0.346192 0.369798 0.427958 0.286766 0.435737 0.478444 0.920783 0.979992 0.993612 0.959292 0.893692 0.825691 0.680527 0.604344 0.619286 0.600079 0.491920 0.528353
