64 64
0.442417 0.345744 0.311264 0.309768 0.311554 0.279646 0.313918 0.387806 0.347124 0.348348 0.343037 0.369308 0.359346 0.340549 0.423632 0.358490 0.341379 0.429118 0.412504 0.425261 0.320437 0.315288 0.242640 0.197269 0.091260 0.171626 0.192453 0.162378 0.145752 0.121986 0.162269 0.160636 0.097644 0.124575 0.196752 0.141958 0.213538 0.146710 0.162657 0.152015 0.116524 0.118435 0.119713 0.129701 0.057008 0.094815 0.069944 0.080358 0.070788 0.098124 0.104696 0.082393 0.036745 0.105262 0.036007 0.067074 0.058479 0.033317 0.047081 0.116395 0.044139 0.024434 -0.014854 -0.018400
0.529708 0.476753 0.344477 0.323919 0.372269 0.336974 0.299059 0.373185 0.343273 0.407093 0.436810 0.424145 0.425662 0.411092 0.441616 0.364485 0.286054 0.319370 0.387017 0.337403 0.395483 0.373804 0.343369 0.285353 0.160167 0.169638 0.129852 0.111135 0.172274 0.072085 0.100404 0.103639 0.131684 0.045487 0.097622 0.103974 0.098317 0.115652 0.118026 0.125174 0.149014 0.129460 0.170411 0.191816 0.231006 0.135283 0.071164 0.079286 0.064477 0.101919 0.029210 0.137638 0.042109 0.093390 0.027743 0.095344 0.165114 0.104689 0.060871 0.053369 -0.015726 0.016830 0.068891 0.036021
0.447181 0.310351 0.312861 0.339379 0.309778 0.317708 0.408030 0.443237 0.366217 0.420456 0.410262 0.302070 0.319742 0.308944 0.381150 0.351082 0.351581 0.440505 0.433633 0.398495 0.443761 0.386352 0.344083 0.362620 0.322265 0.324557 0.226963 0.193316 0.137540 0.128828 0.174306 0.102099 0.125102 0.161589 0.078207 0.086254 0.173321 0.116318 0.123903 0.197159 0.195057 0.114360 0.184716 0.179904 0.153016 0.110285 0.111722 0.097475 0.090645 0.094309 0.144309 0.061108 0.125628 0.166619 0.076969 0.106757 0.065724 0.048513 0.060827 0.030038 0.052665 0.085788 0.045706 0.038268
0.411865 0.349353 0.352677 0.350493 0.337101 0.341647 0.337309 0.387993 0.387827 0.320568 0.335793 0.404355 0.419423 0.365789 0.368132 0.369764 0.438860 0.336948 0.371994 0.288615 0.445587 0.440334 0.420145 0.431275 0.429519 0.393417 0.293471 0.164041 0.174629 0.107658 0.107487 0.170519 0.158637 0.153983 0.203633 0.075894 0.169867 0.148804 0.111131 0.147210 0.107264 0.122501 0.119912 0.125873 0.127952 0.087760 0.115436 0.109688 0.155910 0.117200 0.090644 0.079231 0.080809 0.118566 0.076218 0.070836 0.080878 0.069974 0.045443 0.052069 0.038110 0.102065 0.064289 0.046425
0.345713 0.329867 0.403390 0.493625 0.435637 0.392128 0.385996 0.391594 0.439233 0.329622 0.373779 0.431747 0.404861 0.354916 0.341530 0.331230 0.331940 0.434441 0.415869 0.407823 0.424106 0.419725 0.428760 0.393900 0.337461 0.355503 0.328485 0.366433 0.311072 0.231142 0.222063 0.190640 0.217369 0.104093 0.141538 0.065582 0.100082 0.092896 0.105788 0.195921 0.100983 0.194968 0.151237 0.191896 0.145177 0.045404 0.096351 0.068486 0.113684 0.129667 0.123893 0.132348 0.062726 0.138217 0.020624 0.092431 0.006604 0.032360 0.133569 0.038652 0.079447 0.104909 0.071561 0.076940
0.454559 0.338685 0.333496 0.404720 0.407255 0.344917 0.403792 0.400425 0.363210 0.298350 0.314254 0.373027 0.388609 0.345925 0.335343 0.352809 0.361290 0.405720 0.422247 0.430860 0.395074 0.328891 0.315193 0.414415 0.367610 0.402556 0.470698 0.466071 0.423160 0.358054 0.262180 0.156047 0.157220 0.057450 0.097838 0.036901 0.136449 0.140598 0.143970 0.168298 0.183269 0.159008 0.123699 0.151159 0.144294 0.139740 0.171606 0.145505 0.209286 0.169042 0.065100 0.075737 0.155840 0.073137 0.094930 0.126423 0.067274 0.013866 0.058397 0.105337 0.055454 0.002369 0.159048 0.019711
0.515898 0.456256 0.348889 0.347470 0.415746 0.387695 0.372195 0.454085 0.394112 0.396042 0.396301 0.378204 0.325486 0.391851 0.434538 0.315584 0.348638 0.351452 0.342569 0.421767 0.365262 0.413042 0.358858 0.416092 0.432237 0.362391 0.363638 0.375244 0.431383 0.367100 0.307523 0.374287 0.269710 0.237944 0.150486 0.167856 0.116718 0.078184 0.135036 0.084701 0.116652 0.108131 0.115201 0.179435 0.172698 0.094821 0.162886 0.181526 0.111072 0.135132 0.126349 0.125903 0.040367 0.115548 0.128224 0.143994 0.037048 0.047784 0.078457 0.046564 0.042205 0.058882 0.044944 0.058937
0.484356 0.357305 0.345743 0.300946 0.430341 0.392276 0.416896 0.471527 0.381041 0.420606 0.376682 0.376383 0.316350 0.318207 0.343078 0.369237 0.392097 0.451727 0.381683 0.404343 0.480952 0.348124 0.324382 0.380366 0.323471 0.431777 0.402827 0.415309 0.424199 0.465594 0.445509 0.482007 0.367052 0.319689 0.242554 0.108095 0.141345 0.163464 0.135101 0.130424 0.117189 0.168187 0.160053 0.138032 0.122035 0.149761 0.117016 0.121011 0.131876 0.113642 0.159989 0.186260 0.079706 0.145211 0.106075 0.156297 0.049126 0.093842 0.214431 0.072507 0.044644 0.112772 0.063931 0.094007
0.385192 0.350769 0.318838 0.385723 0.349772 0.406521 0.377415 0.488755 0.324165 0.422681 0.355687 0.393264 0.346094 0.446436 0.449334 0.450303 0.375749 0.346932 0.312963 0.353734 0.427754 0.307243 0.375876 0.354022 0.408040 0.392449 0.387073 0.422591 0.416322 0.430497 0.374971 0.390165 0.350297 0.372503 0.316245 0.349941 0.203664 0.105054 0.168183 0.142073 0.121686 0.112704 0.203574 0.120957 0.136628 0.189117 0.159277 0.201730 0.149619 0.102586 0.027593 0.167957 0.207337 0.096159 0.083653 0.109874 0.127237 0.144241 0.069304 0.104470 0.113645 0.126994 0.140747 0.052424
0.392614 0.402114 0.408733 0.494576 0.438210 0.363627 0.386800 0.436578 0.419120 0.398406 0.365074 0.460592 0.394163 0.341482 0.320602 0.398480 0.356346 0.338914 0.383299 0.390504 0.427300 0.372659 0.415102 0.448255 0.348270 0.388222 0.413594 0.425450 0.371793 0.412507 0.386470 0.403909 0.466413 0.484692 0.351396 0.317302 0.253149 0.245155 0.169266 0.186347 0.150519 0.177231 0.133297 0.249213 0.184411 0.087335 0.111193 0.132616 0.120871 0.120012 0.159183 0.114630 0.151089 0.109757 0.149390 0.162985 0.123947 0.090970 0.082234 0.119829 0.100793 0.087863 0.161267 0.124558
0.383816 0.253331 0.344947 0.430645 0.339613 0.410635 0.394087 0.407167 0.428664 0.396318 0.362102 0.332489 0.400834 0.369077 0.419882 0.403839 0.390457 0.414207 0.374473 0.388130 0.286362 0.348057 0.368486 0.452634 0.391624 0.389459 0.494590 0.440380 0.499402 0.432312 0.350501 0.357885 0.360818 0.432705 0.341593 0.349178 0.339632 0.424951 0.412178 0.335472 0.209244 0.196330 0.240669 0.173454 0.156552 0.198250 0.102801 0.200279 0.111995 0.161727 0.221793 0.213060 0.155782 0.054496 0.144796 0.146156 0.134373 0.115841 0.133195 0.151042 0.118846 0.120212 0.121077 0.172670
0.512162 0.382445 0.376507 0.353317 0.341130 0.299749 0.332243 0.403125 0.418203 0.380448 0.396489 0.427003 0.407214 0.429439 0.442774 0.408055 0.355019 0.377460 0.324568 0.400193 0.328649 0.372502 0.401313 0.410583 0.407261 0.381938 0.393507 0.363204 0.358939 0.371085 0.399565 0.405522 0.446676 0.367303 0.511977 0.468963 0.421518 0.450671 0.362890 0.345957 0.275241 0.279069 0.121787 0.169735 0.128763 0.106703 0.204683 0.125181 0.157760 0.124790 0.063620 0.119675 0.104780 0.112023 0.108378 0.116017 0.212352 0.090675 0.141813 0.158860 0.111668 0.156318 0.147286 0.096118
0.495451 0.364023 0.380522 0.336732 0.406167 0.382867 0.438807 0.415268 0.417445 0.394224 0.458167 0.402913 0.385315 0.316542 0.371014 0.324378 0.391334 0.457305 0.483537 0.409506 0.463115 0.330416 0.347979 0.364893 0.380354 0.365007 0.339555 0.371315 0.395724 0.426088 0.416658 0.520193 0.459559 0.434764 0.402225 0.397044 0.396826 0.375454 0.392512 0.403668 0.372110 0.426729 0.325330 0.277943 0.117698 0.130935 0.167767 0.106606 0.158135 0.185211 0.098323 0.147562 0.135224 0.149253 0.147101 0.152968 0.130602 0.067455 0.093509 0.115065 0.120325 0.132841 0.092891 0.133001
0.398405 0.301529 0.251534 0.309977 0.390453 0.299731 0.371265 0.467601 0.364086 0.376744 0.399479 0.409690 0.395474 0.359564 0.465279 0.426969 0.432419 0.438657 0.377134 0.349238 0.378230 0.345222 0.333372 0.348269 0.337957 0.405477 0.401026 0.439032 0.497323 0.307496 0.414759 0.399272 0.347077 0.268345 0.346347 0.343593 0.396068 0.499314 0.492422 0.430421 0.386164 0.421272 0.411191 0.290993 0.287421 0.166474 0.155506 0.152402 0.122269 0.167909 0.198199 0.088293 0.097682 0.132689 0.103611 0.028860 0.147785 0.151012 0.145489 0.205527 0.089621 0.166331 0.145712 0.198002
0.331375 0.319246 0.430545 0.413712 0.435194 0.327053 0.409633 0.445720 0.335328 0.445886 0.467590 0.451881 0.341512 0.415162 0.385781 0.333428 0.340903 0.397294 0.411470 0.352586 0.408630 0.433312 0.387892 0.427785 0.399800 0.324261 0.402360 0.358049 0.343237 0.335394 0.380580 0.351505 0.372447 0.407132 0.451015 0.381778 0.406698 0.335376 0.391958 0.292073 0.390318 0.403801 0.467206 0.455152 0.468979 0.395420 0.243083 0.142824 0.123502 0.100443 0.161561 0.104959 0.182150 0.134600 0.176570 0.127654 0.168075 0.124395 0.167603 0.095931 0.077026 0.093514 0.114648 0.117259
0.288439 0.314856 0.340856 0.326262 0.375662 0.416442 0.391181 0.438517 0.434681 0.399413 0.407560 0.400567 0.405465 0.361821 0.381184 0.415952 0.377412 0.388888 0.374908 0.393463 0.406509 0.422847 0.437200 0.351165 0.340244 0.337379 0.431006 0.455448 0.436616 0.411516 0.361415 0.380211 0.354903 0.295456 0.332089 0.356621 0.352845 0.334291 0.408067 0.445186 0.494425 0.561954 0.404224 0.429759 0.397894 0.312440 0.315735 0.330542 0.270109 0.171198 0.173839 0.085923 0.196018 0.108199 0.124765 0.082267 0.121252 0.082646 0.114173 0.170402 0.095876 0.093426 0.159749 0.092306
0.431184 0.396225 0.383513 0.399189 0.314205 0.321524 0.337607 0.393579 0.295565 0.366921 0.383904 0.374748 0.399147 0.296866 0.414898 0.393803 0.331316 0.411851 0.368251 0.407063 0.335413 0.403074 0.433703 0.383495 0.437038 0.350015 0.410000 0.367531 0.414100 0.349159 0.340128 0.349773 0.399002 0.421801 0.435140 0.468594 0.439191 0.449362 0.408462 0.446597 0.390408 0.298789 0.327334 0.368308 0.377990 0.469038 0.405997 0.445114 0.368515 0.284402 0.203393 0.230452 0.164907 0.151990 0.061668 0.186634 0.016708 0.141517 0.176873 0.142083 0.112533 0.141587 0.174307 0.214337
0.455563 0.334465 0.388529 0.336471 0.461361 0.412567 0.420129 0.446844 0.404689 0.487983 0.401622 0.384638 0.333569 0.363932 0.375357 0.360733 0.387805 0.425846 0.380102 0.404888 0.379714 0.426259 0.378022 0.372052 0.417034 0.293114 0.315146 0.358371 0.375513 0.394173 0.392061 0.342508 0.397667 0.409572 0.406183 0.477340 0.381710 0.421842 0.384680 0.299165 0.389793 0.411953 0.454973 0.334645 0.387120 0.401968 0.393575 0.369039 0.291906 0.277530 0.386592 0.336962 0.235078 0.173394 0.233888 0.167207 0.119135 0.096152 0.157772 0.172596 0.186121 0.264577 0.345085 0.376899
0.396560 0.272544 0.239986 0.325891 0.327745 0.356847 0.399982 0.443282 0.402811 0.374418 0.345069 0.343401 0.420050 0.370414 0.360067 0.408850 0.451530 0.437102 0.387142 0.356914 0.300585 0.333773 0.332060 0.393861 0.445925 0.374909 0.435940 0.423685 0.455023 0.346467 0.354916 0.348590 0.359691 0.350078 0.427670 0.389522 0.402198 0.364197 0.440751 0.440300 0.337841 0.359686 0.389719 0.298499 0.286702 0.279276 0.277872 0.340266 0.404350 0.374157 0.387486 0.333918 0.367719 0.256385 0.148229 0.142520 0.212964 0.263633 0.243984 0.409220 0.408649 0.417720 0.444499 0.416236
0.393606 0.374518 0.385780 0.406348 0.374402 0.337301 0.415644 0.405198 0.379573 0.390241 0.394809 0.492397 0.439325 0.297297 0.354744 0.375712 0.355468 0.347863 0.350860 0.405932 0.421174 0.426940 0.425421 0.432501 0.440658 0.401383 0.457926 0.395052 0.345692 0.364216 0.357530 0.424331 0.405429 0.490422 0.404208 0.414382 0.361528 0.422977 0.340725 0.328444 0.364445 0.366741 0.360120 0.372665 0.415316 0.370375 0.397537 0.383147 0.366461 0.389954 0.357060 0.250436 0.271322 0.240226 0.258900 0.356528 0.392930 0.449576 0.406097 0.467388 0.484718 0.434887 0.546003 0.570785
0.261575 0.361381 0.390258 0.394092 0.398074 0.417755 0.421399 0.506786 0.436323 0.410094 0.350860 0.471332 0.415613 0.305113 0.378370 0.425454 0.434902 0.395894 0.384493 0.374951 0.371667 0.407478 0.418080 0.362813 0.413751 0.349448 0.355840 0.418888 0.393892 0.406033 0.399598 0.380284 0.347023 0.386631 0.338083 0.281549 0.314737 0.421844 0.326292 0.407047 0.367627 0.429504 0.352303 0.374910 0.448106 0.378578 0.340131 0.399664 0.392064 0.366353 0.323546 0.177955 0.138347 0.298348 0.365914 0.475729 0.472002 0.485420 0.490097 0.552777 0.516692 0.561875 0.622785 0.648860
0.410816 0.340401 0.369456 0.360789 0.317416 0.321082 0.327230 0.430818 0.314581 0.369924 0.329287 0.417187 0.367226 0.405786 0.463017 0.349416 0.363440 0.405592 0.416970 0.331881 0.291106 0.309421 0.345654 0.446863 0.451328 0.387512 0.431332 0.408533 0.434100 0.391085 0.313643 0.259221 0.335214 0.363197 0.406784 0.423749 0.440368 0.426757 0.445445 0.429996 0.387296 0.359310 0.321345 0.415756 0.344955 0.407587 0.391155 0.390204 0.368849 0.445306 0.427598 0.242315 0.087044 0.345474 0.442102 0.521307 0.542131 0.607131 0.577168 0.598941 0.565461 0.575278 0.564629 0.461395
0.426249 0.418067 0.394176 0.396237 0.364382 0.423401 0.377426 0.396765 0.356025 0.471346 0.399110 0.365480 0.354949 0.384362 0.397247 0.397293 0.311547 0.332021 0.434965 0.389643 0.406113 0.409987 0.379213 0.402454 0.492210 0.363031 0.368894 0.334181 0.377317 0.400664 0.414632 0.411088 0.424676 0.353065 0.401555 0.415282 0.385827 0.293869 0.368677 0.377473 0.345596 0.323677 0.440241 0.309183 0.388902 0.344918 0.463222 0.346223 0.324273 0.336367 0.300177 0.243635 0.093089 0.460289 0.592862 0.574599 0.526560 0.501137 0.481110 0.441304 0.437076 0.448336 0.408662 0.428653
0.339370 0.324919 0.363040 0.289360 0.329507 0.374757 0.442860 0.480267 0.381220 0.402072 0.343916 0.370902 0.386989 0.349728 0.369038 0.398298 0.394409 0.363496 0.392332 0.422563 0.398210 0.350205 0.304335 0.325109 0.401001 0.347520 0.432248 0.351863 0.340030 0.307266 0.345965 0.362992 0.347541 0.338765 0.330544 0.378412 0.307747 0.412527 0.468423 0.421376 0.424323 0.417573 0.424440 0.331874 0.323505 0.306909 0.275662 0.268876 0.341337 0.403912 0.342231 0.336538 0.197809 0.509363 0.626504 0.491974 0.443836 0.432069 0.352698 0.427860 0.430179 0.356409 0.350547 0.278386
0.294000 0.291971 0.346114 0.428809 0.321087 0.309044 0.443811 0.396412 0.351232 0.399673 0.438036 0.420491 0.404401 0.400713 0.336725 0.396648 0.369784 0.365256 0.313613 0.346798 0.351523 0.415413 0.384206 0.360186 0.410383 0.403869 0.459226 0.398363 0.311401 0.350052 0.295674 0.385262 0.397372 0.339403 0.309596 0.291677 0.389620 0.474290 0.381810 0.383480 0.365363 0.368056 0.424800 0.350994 0.351845 0.321088 0.340556 0.325652 0.415702 0.386219 0.421966 0.373813 0.307109 0.647109 0.663056 0.584029 0.570345 0.375579 0.260287 0.250425 0.234671 0.260063 0.168349 0.245869
0.305199 0.246247 0.351540 0.473372 0.365275 0.385730 0.450559 0.434638 0.377050 0.437124 0.353868 0.412500 0.328687 0.292857 0.333325 0.402127 0.314810 0.406961 0.415822 0.403575 0.373432 0.335612 0.394261 0.349476 0.335404 0.355598 0.352775 0.403146 0.345116 0.307638 0.389817 0.362587 0.330039 0.361429 0.386650 0.407350 0.438047 0.370081 0.336107 0.362796 0.412281 0.414744 0.434918 0.501693 0.416099 0.401925 0.310815 0.336494 0.350471 0.345293 0.326244 0.256439 0.366128 0.656388 0.800662 0.709875 0.625343 0.500259 0.227875 0.157310 0.174176 0.233690 0.274199 0.367876
0.246779 0.282632 0.295010 0.349033 0.407810 0.358429 0.400417 0.390522 0.308221 0.355153 0.338451 0.326695 0.357019 0.443695 0.419217 0.326424 0.346203 0.441128 0.329078 0.357707 0.321199 0.332139 0.322039 0.327653 0.308869 0.379216 0.355549 0.379659 0.337284 0.343037 0.367285 0.449620 0.479708 0.522602 0.538559 0.577468 0.450235 0.385633 0.377661 0.432994 0.385295 0.371306 0.369596 0.316688 0.350396 0.301914 0.291400 0.390892 0.418710 0.386864 0.402956 0.366184 0.505651 0.806451 0.827912 0.716737 0.652885 0.553431 0.290539 0.290993 0.264772 0.225255 0.315659 0.374116
0.407621 0.377837 0.355346 0.363601 0.324490 0.435176 0.441869 0.403929 0.362070 0.398233 0.427217 0.393850 0.353851 0.442991 0.362840 0.363134 0.365835 0.343978 0.287605 0.334966 0.317833 0.383361 0.352500 0.357280 0.368944 0.365829 0.396658 0.431161 0.504470 0.480585 0.501560 0.437218 0.489674 0.419019 0.436972 0.402030 0.380378 0.371972 0.312960 0.316642 0.347893 0.357505 0.340054 0.374917 0.403919 0.438645 0.345068 0.410556 0.448718 0.411407 0.394062 0.318974 0.573142 0.903791 0.906410 0.724112 0.706065 0.540161 0.277539 0.246424 0.213397 0.265658 0.375647 0.352836
0.347349 0.371256 0.398759 0.341908 0.331047 0.365104 0.469201 0.439837 0.359069 0.425166 0.378845 0.312763 0.218239 0.319737 0.349556 0.310763 0.372076 0.343091 0.457174 0.405701 0.356063 0.416651 0.448592 0.472174 0.534366 0.544943 0.574306 0.575576 0.459862 0.383682 0.353761 0.310226 0.330240 0.301248 0.340350 0.320271 0.336027 0.403781 0.384136 0.337952 0.410108 0.425532 0.438266 0.363738 0.322489 0.376768 0.362070 0.307537 0.309071 0.290483 0.377096 0.312320 0.572605 0.910243 0.982777 0.755859 0.701065 0.551441 0.311828 0.284766 0.222899 0.308384 0.356651 0.357819
0.314912 0.291863 0.373699 0.348704 0.304564 0.293377 0.464315 0.406051 0.339238 0.398928 0.384945 0.328942 0.138396 0.143356 0.236868 0.349375 0.371930 0.440474 0.418924 0.452642 0.520353 0.556570 0.472328 0.466160 0.375951 0.417103 0.598473 0.603400 0.420176 0.238490 0.202562 0.198570 0.290599 0.273085 0.275064 0.280613 0.399676 0.467922 0.431623 0.387022 0.343607 0.296698 0.305727 0.311204 0.315814 0.343831 0.420126 0.397260 0.320806 0.343904 0.439077 0.367874 0.578366 0.909724 0.991613 0.850790 0.798431 0.525328 0.277761 0.287940 0.289393 0.305159 0.372007 0.369850
0.373083 0.407687 0.464440 0.372859 0.394212 0.449894 0.442832 0.518715 0.381741 0.347636 0.399930 0.361212 0.222987 0.050284 0.264110 0.458544 0.463971 0.451383 0.534087 0.421608 0.390772 0.398089 0.256782 0.296512 0.149341 0.276183 0.625146 0.650829 0.446870 0.303046 0.192433 0.191773 0.273026 0.292310 0.319211 0.376011 0.352048 0.333260 0.337283 0.345757 0.337954 0.316367 0.371940 0.358773 0.372903 0.379671 0.385262 0.361454 0.407031 0.367361 0.309860 0.338063 0.542445 0.931824 1.026368 0.906938 0.738678 0.630053 0.392906 0.375427 0.278545 0.287553 0.365379 0.427326
0.248149 0.350489 0.387624 0.356327 0.375671 0.386071 0.430502 0.467796 0.422680 0.328211 0.284159 0.364745 0.366865 0.135439 0.323921 0.575518 0.472869 0.289623 0.255209 0.214785 0.155643 0.133342 0.088532 0.038907 0.094145 0.274291 0.659660 0.741388 0.493677 0.288579 0.259756 0.240660 0.271779 0.293182 0.339531 0.366894 0.407625 0.412787 0.358325 0.397488 0.373698 0.366229 0.400883 0.328596 0.398698 0.349985 0.224236 0.338624 0.365970 0.378390 0.396597 0.368817 0.607959 0.924166 1.038246 0.995856 0.805413 0.692472 0.435590 0.382304 0.307608 0.360653 0.399555 0.389058
0.362967 0.327848 0.398516 0.307470 0.329007 0.275507 0.385057 0.370999 0.359655 0.420686 0.405429 0.388845 0.370551 0.240242 0.481313 0.626870 0.412501 0.340393 0.194477 0.047756 0.107864 0.023080 0.034174 0.014403 0.028173 0.232000 0.694672 0.733235 0.481764 0.422112 0.269580 0.158980 0.276618 0.355189 0.390555 0.387238 0.431581 0.425474 0.364298 0.436957 0.292012 0.295102 0.208690 0.314843 0.362805 0.301143 0.342875 0.369837 0.363343 0.343317 0.428290 0.423991 0.610642 1.024088 0.965833 1.036322 0.882350 0.683389 0.396783 0.484412 0.332857 0.344804 0.362750 0.416106
0.378640 0.250953 0.397076 0.383483 0.348778 0.387966 0.408437 0.406670 0.406783 0.381058 0.397792 0.323569 0.372635 0.298807 0.495313 0.643368 0.434311 0.342731 0.253852 0.017199 0.029712 -0.002414 0.021609 0.130382 0.125004 0.386603 0.761249 0.844528 0.545656 0.423803 0.317316 0.323834 0.297820 0.478704 0.397494 0.387693 0.389337 0.290235 0.327802 0.385694 0.352127 0.333138 0.359086 0.357133 0.341364 0.394012 0.415288 0.410694 0.298089 0.282722 0.295163 0.411750 0.628691 0.973252 0.926544 0.982997 0.896904 0.727730 0.427468 0.482896 0.327035 0.412469 0.436299 0.410013
0.446052 0.311233 0.311928 0.332671 0.310239 0.316069 0.452820 0.380444 0.287557 0.347033 0.381819 0.420658 0.368254 0.352300 0.594496 0.723618 0.559784 0.371606 0.314404 0.072798 0.051848 0.048721 0.086567 0.129907 0.158815 0.418242 0.905177 0.962620 0.681328 0.443386 0.309239 0.331884 0.308123 0.429546 0.434961 0.400428 0.384793 0.384534 0.337474 0.359230 0.525819 0.380062 0.384775 0.356931 0.346652 0.281220 0.350583 0.296546 0.370866 0.357526 0.424021 0.374949 0.627565 0.940661 0.947897 0.990701 0.993705 0.783938 0.495237 0.506136 0.403275 0.425382 0.424586 0.331743
0.407440 0.399467 0.495615 0.401334 0.342725 0.377218 0.486729 0.443747 0.358960 0.355639 0.377176 0.326169 0.401546 0.475768 0.704899 0.707108 0.520282 0.460847 0.296933 0.159637 0.057485 0.088708 0.190507 0.171080 0.199214 0.545560 0.929422 0.923241 0.701058 0.517454 0.364344 0.317358 0.354899 0.377919 0.433321 0.416978 0.396880 0.371119 0.365411 0.376927 0.292777 0.382759 0.285731 0.360033 0.337083 0.412758 0.410051 0.379543 0.393104 0.383956 0.407736 0.454266 0.683515 0.979401 0.951781 1.046048 0.978193 0.760789 0.508503 0.549286 0.509473 0.460485 0.341372 0.401891
0.308855 0.374344 0.434559 0.418299 0.429860 0.382543 0.410640 0.412784 0.395853 0.352249 0.364292 0.302515 0.332332 0.476252 0.825507 0.869702 0.558352 0.458783 0.278191 0.137384 0.024786 0.095893 0.191062 0.250269 0.243962 0.562574 0.950347 0.940483 0.801903 0.493142 0.398098 0.345328 0.290783 0.389233 0.384778 0.411016 0.365002 0.426915 0.345276 0.374882 0.410264 0.395862 0.404500 0.408693 0.418849 0.353602 0.389860 0.282943 0.282489 0.340036 0.322031 0.344137 0.705579 0.928555 1.002766 1.029276 0.952988 0.830464 0.603052 0.512997 0.546630 0.704867 0.453466 0.415253
0.353089 0.337669 0.399942 0.361717 0.286618 0.330135 0.354732 0.436769 0.359676 0.363181 0.424266 0.387840 0.412846 0.541164 0.857417 0.867305 0.685337 0.501681 0.320911 0.104631 0.150591 0.107586 0.208632 0.257720 0.203473 0.542434 0.941756 0.924737 0.838757 0.603070 0.340148 0.292664 0.363138 0.374713 0.473953 0.412145 0.443896 0.430515 0.403776 0.480122 0.426251 0.382753 0.380195 0.237408 0.269917 0.291714 0.344586 0.363126 0.328807 0.379030 0.378436 0.417460 0.700883 0.930462 0.967694 1.000855 1.022147 0.817255 0.673452 0.641338 0.516878 0.658389 0.484609 0.445809
0.404847 0.353108 0.383872 0.408621 0.349438 0.408844 0.424384 0.380264 0.420568 0.350464 0.377701 0.359794 0.340756 0.564529 0.845490 0.952756 0.738889 0.443062 0.303687 0.177061 0.122325 0.229102 0.265232 0.208125 0.266735 0.634130 0.888442 0.934797 0.878571 0.570217 0.419587 0.296806 0.392585 0.394130 0.410358 0.418385 0.403982 0.351730 0.348208 0.290955 0.349801 0.332109 0.355912 0.433770 0.377213 0.391661 0.496940 0.398519 0.426584 0.388213 0.397062 0.444820 0.714513 0.962958 1.010411 1.014851 0.980078 0.910312 0.614626 0.668991 0.538451 0.511886 0.431429 0.419435
0.356410 0.302413 0.328872 0.336231 0.351447 0.454779 0.479584 0.355159 0.361266 0.344851 0.333108 0.274238 0.363544 0.494965 0.864485 0.981125 0.779177 0.542821 0.367177 0.106186 0.049639 0.190973 0.215052 0.236363 0.315694 0.613098 0.992981 0.971005 0.844330 0.694915 0.367203 0.319009 0.377537 0.440086 0.488701 0.483720 0.385704 0.335945 0.344749 0.421392 0.463857 0.327585 0.434089 0.405075 0.418080 0.456620 0.408369 0.385378 0.398670 0.395766 0.289894 0.414426 0.778299 0.949131 0.951261 0.998751 1.008517 0.840880 0.730971 0.615482 0.507844 0.505837 0.440712 0.386026
0.412795 0.402941 0.459449 0.327301 0.341461 0.376906 0.450692 0.376796 0.360071 0.431431 0.363750 0.447669 0.449812 0.565950 0.896518 0.974596 0.807705 0.548168 0.291144 0.119370 0.070494 0.224786 0.263943 0.212301 0.249525 0.710908 0.891078 0.940754 0.834598 0.749145 0.503394 0.376144 0.433955 0.413687 0.440818 0.448112 0.456666 0.455558 0.394059 0.410392 0.433578 0.375735 0.329136 0.384629 0.332979 0.330973 0.374741 0.362949 0.395809 0.362070 0.370842 0.427614 0.783071 0.975556 0.993199 1.034931 1.013017 0.947819 0.759801 0.578064 0.560650 0.509234 0.429643 0.499925
0.359103 0.394774 0.453834 0.401826 0.349385 0.390741 0.487758 0.414139 0.372922 0.363350 0.394183 0.320786 0.377201 0.535714 0.859718 0.888799 0.842092 0.636213 0.358051 0.148534 0.092920 0.243815 0.268359 0.277697 0.338416 0.603430 0.976106 1.013739 0.881416 0.811867 0.522176 0.387801 0.424149 0.343780 0.510308 0.463627 0.440054 0.372425 0.279751 0.330015 0.315933 0.326664 0.434487 0.489762 0.498522 0.383893 0.371966 0.355348 0.408626 0.340075 0.384468 0.445998 0.771252 0.947984 0.951039 0.964360 1.034000 0.929545 0.724088 0.616075 0.479634 0.559407 0.502407 0.529372
0.353501 0.365929 0.426205 0.330069 0.375064 0.330360 0.369163 0.364783 0.308002 0.327786 0.319739 0.425757 0.397709 0.607031 0.900229 0.923284 0.791979 0.804100 0.402098 0.125000 0.191357 0.247795 0.288817 0.330230 0.340552 0.648283 0.956188 0.900216 0.812019 0.792642 0.531958 0.354929 0.432645 0.440480 0.512055 0.499803 0.401802 0.405022 0.371781 0.430132 0.442257 0.436934 0.437935 0.420765 0.454544 0.341793 0.289124 0.301830 0.341962 0.356096 0.304798 0.382344 0.772189 0.959079 0.980894 0.976793 0.988187 0.834672 0.697011 0.677910 0.539204 0.560597 0.543967 0.536194
0.382124 0.362195 0.446003 0.364305 0.442245 0.369414 0.432939 0.308938 0.393107 0.395817 0.395467 0.385356 0.373193 0.606037 0.960455 0.901780 0.844807 0.805992 0.430022 0.232779 0.166699 0.298008 0.344189 0.283845 0.342710 0.627036 0.970161 0.948135 0.776395 0.623645 0.524719 0.380488 0.424082 0.451992 0.505546 0.513349 0.327940 0.325963 0.361466 0.378477 0.423786 0.375755 0.287168 0.361686 0.319644 0.358851 0.354365 0.414879 0.397819 0.443125 0.377249 0.440032 0.773599 0.958968 0.989297 0.929361 0.963780 0.849952 0.681426 0.599181 0.588729 0.571966 0.577449 0.538181
0.347258 0.321634 0.325872 0.363530 0.314005 0.474474 0.456974 0.361015 0.397692 0.349961 0.295234 0.351641 0.349267 0.635226 0.909979 0.912857 0.850110 0.857912 0.500539 0.231127 0.153694 0.283014 0.352267 0.349399 0.364350 0.706604 0.900482 0.915071 0.789271 0.695941 0.573089 0.344471 0.456751 0.427277 0.511708 0.479681 0.372014 0.334801 0.340345 0.426748 0.390795 0.383542 0.440280 0.341794 0.350819 0.403261 0.375955 0.362612 0.374048 0.331749 0.371273 0.384382 0.782273 0.903878 0.999395 0.945940 0.979907 0.892155 0.751220 0.679062 0.510685 0.546859 0.541876 0.540732
0.400209 0.341732 0.346701 0.361765 0.314911 0.450572 0.562448 0.347015 0.275683 0.305384 0.306506 0.392749 0.464807 0.621063 0.900651 0.992811 0.785823 0.796767 0.486874 0.236603 0.222365 0.349021 0.366666 0.283285 0.347175 0.654537 0.918361 0.884476 0.786612 0.728691 0.507560 0.387283 0.466437 0.428759 0.531397 0.480370 0.396640 0.356800 0.422805 0.444049 0.410072 0.405841 0.360314 0.373190 0.346805 0.324600 0.357301 0.340764 0.382006 0.340836 0.345240 0.440907 0.757318 0.993076 0.927772 1.000493 0.992511 0.809254 0.706916 0.677200 0.568352 0.528548 0.598878 0.496123
0.370621 0.403086 0.462029 0.439213 0.428633 0.445579 0.449223 0.376860 0.375257 0.312112 0.399163 0.408999 0.390027 0.611387 0.954128 0.920616 0.833694 0.814295 0.475083 0.277427 0.225653 0.299209 0.301693 0.319234 0.408866 0.767964 0.987374 0.897449 0.841205 0.813683 0.444511 0.422615 0.479213 0.505932 0.496812 0.498933 0.411468 0.345742 0.319310 0.326385 0.364513 0.374177 0.336278 0.427201 0.284857 0.380093 0.368882 0.399587 0.462363 0.343677 0.369449 0.415016 0.698330 0.943278 0.964710 1.029174 0.953996 0.865555 0.746966 0.590970 0.590653 0.586469 0.527421 0.474508
0.377241 0.380492 0.417988 0.343673 0.393855 0.361510 0.409333 0.366515 0.306105 0.287597 0.316026 0.382363 0.506475 0.723472 0.953498 0.924476 0.854939 0.758375 0.476969 0.214639 0.166718 0.350103 0.323885 0.328197 0.370581 0.747733 1.006621 0.909484 0.846274 0.776509 0.579958 0.310866 0.439882 0.467431 0.539027 0.512051 0.397305 0.311881 0.366363 0.363942 0.348943 0.437683 0.343396 0.463162 0.319469 0.310598 0.380367 0.383257 0.311339 0.311567 0.312552 0.365467 0.731920 0.944220 1.039636 0.972691 0.952959 0.793634 0.739962 0.668833 0.535532 0.544556 0.543971 0.546843
0.383683 0.473258 0.403567 0.415177 0.380426 0.447108 0.425229 0.397775 0.355040 0.452978 0.440077 0.518616 0.507178 0.702893 0.922458 0.958588 0.886989 0.830480 0.465336 0.264621 0.323598 0.380313 0.305584 0.367218 0.416169 0.720746 0.905064 0.966298 0.809870 0.795433 0.499811 0.355377 0.492538 0.485378 0.593031 0.542736 0.412120 0.324383 0.463305 0.431462 0.393809 0.335366 0.365324 0.425339 0.301677 0.365156 0.358208 0.336253 0.318901 0.409111 0.357636 0.411203 0.781061 0.952477 0.974799 1.006189 0.970099 0.799327 0.652186 0.663042 0.603315 0.577470 0.502498 0.555268
0.307406 0.412386 0.381564 0.360039 0.403300 0.430023 0.431784 0.317724 0.381120 0.422806 0.365421 0.430922 0.499016 0.705564 0.943427 0.934856 0.857714 0.815714 0.481295 0.198621 0.312458 0.368210 0.373089 0.340140 0.370555 0.724540 0.980111 0.951717 0.829147 0.809507 0.474361 0.384533 0.497079 0.573563 0.599740 0.530655 0.336065 0.395437 0.274109 0.304445 0.367653 0.342778 0.434601 0.414328 0.314381 0.339705 0.285145 0.333580 0.344553 0.369711 0.434208 0.521644 0.762229 1.006565 0.934348 0.978468 1.028790 0.842386 0.733988 0.675375 0.530213 0.490937 0.580330 0.586007
0.405447 0.346074 0.340182 0.260756 0.291061 0.400644 0.399530 0.313779 0.339149 0.293835 0.355681 0.436523 0.465811 0.776362 0.933450 0.980409 0.817247 0.841780 0.422310 0.335765 0.307639 0.431163 0.325125 0.368188 0.519797 0.788486 0.973183 0.931870 0.854192 0.810011 0.414158 0.386736 0.526409 0.471463 0.554163 0.513119 0.406196 0.408057 0.325962 0.365376 0.370986 0.319375 0.348716 0.352980 0.305899 0.390557 0.367092 0.332758 0.288966 0.349010 0.336916 0.423702 0.747934 0.970447 0.998330 0.944412 1.002623 0.804451 0.722788 0.609784 0.609162 0.576042 0.564119 0.544432
0.364942 0.364856 0.499376 0.340542 0.403909 0.445209 0.499619 0.469158 0.339041 0.325494 0.426649 0.391387 0.524542 0.715996 0.940952 0.902266 0.850243 0.795512 0.523145 0.277180 0.409449 0.491152 0.346987 0.417133 0.515377 0.821110 0.964010 0.983508 0.840800 0.848921 0.476148 0.411937 0.502593 0.581063 0.649741 0.539422 0.446252 0.460615 0.401719 0.383877 0.353686 0.325039 0.305699 0.299255 0.348905 0.330537 0.381938 0.460027 0.350728 0.424122 0.422867 0.524702 0.858129 0.981747 0.965220 0.973994 0.953168 0.896099 0.700851 0.595562 0.612823 0.601009 0.536677 0.516770
0.321300 0.402308 0.514111 0.362563 0.346202 0.356913 0.459465 0.428750 0.340203 0.408241 0.317089 0.395624 0.472258 0.762758 0.993479 0.970190 0.886314 0.771857 0.460464 0.297723 0.422866 0.433371 0.344676 0.392486 0.515971 0.802355 0.955994 1.017336 0.839048 0.823563 0.418046 0.397890 0.573275 0.606156 0.642157 0.588558 0.385103 0.353475 0.357406 0.379305 0.387068 0.362591 0.357697 0.473238 0.416887 0.379436 0.382766 0.373637 0.439803 0.368497 0.394522 0.555796 0.798313 0.978017 0.979625 0.972562 0.918852 0.802659 0.714940 0.611409 0.621373 0.521999 0.605049 0.527095
0.378537 0.422162 0.424453 0.303814 0.322721 0.392350 0.464886 0.366596 0.373297 0.424963 0.427030 0.507960 0.489278 0.856212 0.979246 0.916852 0.763536 0.693171 0.547422 0.356635 0.458070 0.418753 0.493165 0.462060 0.502181 0.833231 0.984409 0.958321 0.838310 0.839429 0.458567 0.469446 0.542530 0.635935 0.578537 0.511621 0.335973 0.387167 0.376897 0.424355 0.405365 0.378805 0.360280 0.374854 0.335503 0.322087 0.290364 0.330856 0.435643 0.369984 0.427195 0.534826 0.911165 0.937842 0.960974 0.987475 0.965782 0.793603 0.814761 0.686173 0.540791 0.535102 0.561497 0.597270
0.366727 0.415701 0.380721 0.343415 0.347168 0.460219 0.421421 0.299305 0.427047 0.335058 0.410472 0.377820 0.521071 0.792340 0.929122 0.912103 0.822590 0.756776 0.485735 0.330707 0.441909 0.484253 0.409568 0.469513 0.507292 0.813574 0.985163 0.920861 0.890220 0.787948 0.437406 0.511277 0.525566 0.594496 0.645714 0.502761 0.332351 0.365334 0.413596 0.327497 0.299092 0.299806 0.358224 0.381882 0.300288 0.341674 0.383627 0.364446 0.372309 0.378566 0.405956 0.497079 0.854318 0.989286 0.955246 0.976005 0.998570 0.782161 0.795378 0.666347 0.489581 0.550711 0.565991 0.536860
0.334216 0.362045 0.363194 0.370517 0.301516 0.436287 0.429459 0.270012 0.354163 0.297892 0.387369 0.384864 0.507044 0.760083 0.980634 0.946412 0.857507 0.843317 0.526859 0.315142 0.430799 0.481726 0.529500 0.517299 0.539890 0.828278 0.927632 0.992908 0.886214 0.816469 0.458336 0.517673 0.600647 0.640413 0.584374 0.576930 0.362285 0.260381 0.335762 0.369535 0.405108 0.396003 0.355229 0.328574 0.386789 0.398084 0.382376 0.299388 0.286711 0.303047 0.465437 0.461700 0.892733 0.953760 0.922047 0.996379 0.953697 0.781951 0.696114 0.642673 0.568935 0.553543 0.566971 0.503175
0.345286 0.434683 0.486377 0.408568 0.366053 0.369379 0.439020 0.421336 0.389411 0.327212 0.365756 0.465268 0.519128 0.799739 0.933750 0.904714 0.876999 0.826601 0.533917 0.395939 0.408617 0.541430 0.498392 0.492943 0.495172 0.794793 0.938640 0.977694 0.836713 0.782572 0.492827 0.490251 0.582670 0.638681 0.596241 0.558946 0.381863 0.421981 0.334674 0.302281 0.347864 0.356536 0.324842 0.285660 0.342949 0.423049 0.305695 0.334682 0.344442 0.427660 0.434969 0.432216 0.836608 0.932397 0.995974 1.014230 0.922107 0.821153 0.700072 0.661545 0.562569 0.537727 0.576860 0.530612
0.350977 0.437902 0.500044 0.353872 0.423941 0.395228 0.346755 0.343283 0.289688 0.304649 0.327801 0.417384 0.490023 0.755394 0.937858 0.977493 0.822164 0.764155 0.539981 0.325331 0.453846 0.504957 0.498570 0.511655 0.525779 0.863890 0.980347 0.945878 0.873906 0.772723 0.464660 0.513025 0.603382 0.684230 0.755460 0.555656 0.482591 0.401087 0.361265 0.283119 0.317418 0.355115 0.319102 0.381238 0.391170 0.396231 0.379585 0.372662 0.371553 0.345410 0.479863 0.461098 0.933024 0.954714 0.972304 1.000353 0.954435 0.827893 0.732425 0.590027 0.598132 0.565595 0.572335 0.445056
0.313718 0.400008 0.310168 0.314948 0.282913 0.344980 0.345602 0.349050 0.316568 0.349435 0.355530 0.575897 0.498068 0.793368 0.922444 0.834750 0.854823 0.769460 0.448593 0.365064 0.454696 0.472807 0.426488 0.471024 0.551191 0.921188 0.997490 0.961154 0.920641 0.831164 0.589563 0.682228 0.828626 0.865743 0.838757 0.809006 0.483385 0.326288 0.433987 0.316051 0.380198 0.363400 0.341262 0.403687 0.322553 0.351456 0.321467 0.400736 0.340604 0.307810 0.351049 0.438223 0.880628 0.972611 1.019159 1.015385 0.998243 0.791313 0.659532 0.603416 0.563523 0.610932 0.557001 0.503152
0.375544 0.347224 0.401165 0.419284 0.425953 0.515283 0.401240 0.386586 0.364308 0.382762 0.335777 0.405382 0.546247 0.808568 0.973981 0.907199 0.817222 0.814408 0.539916 0.368706 0.495079 0.544409 0.546225 0.576669 0.575083 0.910279 0.961689 0.916528 0.982843 0.959418 0.946005 0.950881 0.944943 0.912010 0.925310 0.791695 0.385570 0.378111 0.434434 0.337692 0.304730 0.292142 0.264253 0.373843 0.353704 0.374332 0.332212 0.310027 0.367442 0.386163 0.405924 0.516967 0.910594 0.975080 0.973090 1.001284 0.905071 0.783617 0.711459 0.586178 0.563088 0.573686 0.542623 0.550292
0.291936 0.351627 0.384752 0.344135 0.346223 0.533409 0.355873 0.325443 0.275475 0.276780 0.352640 0.471089 0.503750 0.753608 0.930733 0.896727 0.888283 0.749331 0.608387 0.512983 0.604685 0.664019 0.725316 0.832134 0.856248 0.933617 1.036520 0.936933 0.990317 0.929120 0.877537 0.920217 0.862158 0.874836 0.871977 0.648497 0.357659 0.253305 0.291619 0.345846 0.332882 0.336951 0.427729 0.382594 0.446713 0.435477 0.409807 0.340766 0.311619 0.326599 0.395897 0.457956 0.863632 1.001497 1.000820 1.004884 0.909436 0.781443 0.782811 0.598212 0.538668 0.630973 0.587462 0.546512
0.383222 0.429893 0.384369 0.339869 0.328196 0.450390 0.451198 0.375145 0.374897 0.390293 0.425281 0.473567 0.610479 0.826510 0.946845 0.893566 0.930211 0.866938 0.844561 0.869493 0.881942 0.932453 0.935002 0.936805 0.902012 0.910822 0.921836 0.882329 0.911784 0.833054 0.780565 0.887530 0.774202 0.806016 0.806606 0.661049 0.443242 0.376768 0.274191 0.330762 0.384759 0.388320 0.409129 0.318327 0.286317 0.362875 0.254969 0.343369 0.299826 0.306143 0.323600 0.440644 0.894429 0.973677 0.959141 1.011100 0.950252 0.729419 0.723497 0.579539 0.596263 0.574681 0.578924 0.515957
0.370597 0.370888 0.354883 0.361751 0.345550 0.406569 0.480443 0.362883 0.368483 0.331828 0.358454 0.408003 0.485811 0.859531 0.997646 0.908926 0.938343 0.972505 0.870137 0.900546 0.927690 0.876706 0.930796 0.875760 0.835572 0.824243 0.805686 0.824846 0.835969 0.795121 0.812656 0.822549 0.826279 0.725167 0.741628 0.649354 0.463903 0.358214 0.315330 0.334458 0.323449 0.278953 0.346619 0.296573 0.352328 0.281389 0.363505 0.389599 0.384247 0.364335 0.378321 0.532082 0.919367 0.956905 0.970926 1.010995 0.981132 0.724997 0.719715 0.604547 0.604779 0.560954 0.566278 0.498813
0.408000 0.356323 0.262516 0.335516 0.321298 0.368365 0.475080 0.344944 0.322536 0.326874 0.392933 0.615554 0.588001 0.791509 0.880976 0.922869 0.917922 0.875608 0.872720 0.845976 0.804570 0.835527 0.776717 0.803931 0.779160 0.782549 0.775283 0.748550 0.761367 0.757701 0.706396 0.628484 0.557601 0.462585 0.507618 0.560376 0.399421 0.220543 0.337597 0.302098 0.395207 0.372961 0.402039 0.427306 0.386470 0.421535 0.383034 0.340486 0.329495 0.327855 0.385564 0.536215 0.880584 0.992867 1.007272 1.024494 0.954103 0.745367 0.734652 0.567377 0.577991 0.530209 0.580654 0.558729
