0.452514 0.346370 0.307264 0.324022 0.335197 0.301676 0.335197 0.346370 0.346370 0.329609 0.324022 0.346370 0.385476 0.402235 0.452514 0.407822 0.391062 0.379889 0.413408 0.368716 0.318436 0.284916 0.240224 0.173185 0.145252 0.156425 0.189945 0.150839 0.156425 0.134079 0.139666 0.106145 0.122906 0.117318 0.134079 0.122906 0.150839 0.139666 0.117318 0.117318 0.100560 0.094973 0.089387 0.117318 0.094973 0.089387 0.089387 0.078212 0.100560 0.094973 0.083800 0.072627 0.050281 0.083800 0.050281 0.078212 0.083800 0.044693 0.055866 0.067039 0.072627 0.027933 0.044693 0.000000
0.536313 0.418995 0.374303 0.363128 0.385476 0.346370 0.335197 0.385476 0.385476 0.391062 0.407822 0.413408 0.379889 0.391062 0.418995 0.351955 0.312849 0.335197 0.391062 0.368716 0.385476 0.396649 0.379889 0.296091 0.189945 0.201118 0.145252 0.139666 0.111733 0.134079 0.162012 0.122906 0.122906 0.111733 0.117318 0.083800 0.111733 0.089387 0.111733 0.128491 0.139666 0.122906 0.139666 0.173185 0.173185 0.128491 0.111733 0.089387 0.072627 0.083800 0.055866 0.067039 0.094973 0.072627 0.083800 0.111733 0.094973 0.061454 0.055866 0.050281 0.027933 0.027933 0.055866 0.039106
0.452514 0.335197 0.318436 0.335197 0.357543 0.368716 0.379889 0.435755 0.402235 0.396649 0.385476 0.351955 0.346370 0.363128 0.379889 0.368716 0.385476 0.413408 0.402235 0.385476 0.407822 0.368716 0.335197 0.340782 0.296091 0.279330 0.189945 0.189945 0.156425 0.145252 0.134079 0.134079 0.111733 0.111733 0.117318 0.106145 0.150839 0.150839 0.156425 0.162012 0.184358 0.156425 0.122906 0.139666 0.117318 0.089387 0.106145 0.111733 0.117318 0.072627 0.067039 0.094973 0.094973 0.111733 0.094973 0.083800 0.055866 0.044693 0.067039 0.055866 0.067039 0.083800 0.055866 0.033520
0.391062 0.340782 0.329609 0.351955 0.340782 0.318436 0.324022 0.396649 0.357543 0.351955 0.363128 0.374303 0.413408 0.402235 0.379889 0.368716 0.396649 0.351955 0.357543 0.363128 0.407822 0.424582 0.413408 0.396649 0.374303 0.374303 0.273743 0.206704 0.134079 0.139666 0.128491 0.145252 0.167598 0.145252 0.178772 0.150839 0.139666 0.128491 0.145252 0.178772 0.139666 0.134079 0.145252 0.134079 0.139666 0.139666 0.134079 0.128491 0.145252 0.100560 0.094973 0.072627 0.055866 0.067039 0.067039 0.083800 0.083800 0.055866 0.055866 0.055866 0.033520 0.061454 0.055866 0.039106
0.357543 0.357543 0.368716 0.458101 0.418995 0.396649 0.396649 0.424582 0.396649 0.374303 0.374303 0.374303 0.385476 0.351955 0.312849 0.340782 0.391062 0.391062 0.407822 0.407822 0.418995 0.424582 0.424582 0.368716 0.335197 0.340782 0.318436 0.335197 0.307264 0.245810 0.212291 0.178772 0.173185 0.134079 0.139666 0.078212 0.106145 0.094973 0.128491 0.167598 0.145252 0.178772 0.162012 0.173185 0.162012 0.111733 0.134079 0.089387 0.106145 0.122906 0.117318 0.122906 0.106145 0.117318 0.078212 0.078212 0.050281 0.050281 0.039106 0.044693 0.067039 0.050281 0.072627 0.067039
0.396649 0.318436 0.324022 0.424582 0.391062 0.357543 0.363128 0.396649 0.368716 0.312849 0.312849 0.335197 0.385476 0.346370 0.396649 0.396649 0.402235 0.418995 0.413408 0.391062 0.351955 0.340782 0.357543 0.374303 0.418995 0.418995 0.424582 0.424582 0.402235 0.368716 0.273743 0.184358 0.145252 0.139666 0.128491 0.100560 0.134079 0.128491 0.156425 0.150839 0.173185 0.156425 0.134079 0.150839 0.122906 0.139666 0.134079 0.167598 0.156425 0.145252 0.128491 0.078212 0.094973 0.072627 0.078212 0.089387 0.072627 0.039106 0.072627 0.100560 0.083800 0.039106 0.083800 0.061454
0.491620 0.385476 0.374303 0.391062 0.374303 0.351955 0.335197 0.424582 0.407822 0.368716 0.368716 0.385476 0.379889 0.379889 0.424582 0.357543 0.340782 0.340782 0.391062 0.379889 0.368716 0.396649 0.379889 0.402235 0.413408 0.396649 0.363128 0.363128 0.357543 0.402235 0.385476 0.363128 0.312849 0.223464 0.178772 0.150839 0.139666 0.139666 0.150839 0.128491 0.117318 0.117318 0.167598 0.173185 0.145252 0.150839 0.145252 0.189945 0.134079 0.128491 0.111733 0.122906 0.078212 0.111733 0.094973 0.145252 0.089387 0.089387 0.106145 0.083800 0.061454 0.067039 0.044693 0.050281
0.446928 0.346370 0.368716 0.368716 0.385476 0.385476 0.407822 0.469274 0.413408 0.402235 0.385476 0.340782 0.312849 0.324022 0.363128 0.374303 0.396649 0.396649 0.413408 0.402235 0.385476 0.351955 0.324022 0.335197 0.363128 0.363128 0.368716 0.385476 0.441341 0.441341 0.418995 0.435755 0.391062 0.284916 0.229051 0.162012 0.134079 0.134079 0.145252 0.145252 0.117318 0.150839 0.167598 0.162012 0.117318 0.111733 0.128491 0.139666 0.128491 0.128491 0.139666 0.162012 0.122906 0.117318 0.083800 0.134079 0.083800 0.083800 0.117318 0.083800 0.083800 0.106145 0.094973 0.083800
0.402235 0.340782 0.340782 0.374303 0.335197 0.324022 0.357543 0.458101 0.340782 0.368716 0.351955 0.368716 0.379889 0.374303 0.407822 0.391062 0.391062 0.363128 0.346370 0.340782 0.374303 0.351955 0.379889 0.391062 0.391062 0.402235 0.396649 0.441341 0.413408 0.391062 0.374303 0.385476 0.368716 0.374303 0.357543 0.296091 0.212291 0.162012 0.167598 0.122906 0.111733 0.128491 0.156425 0.139666 0.134079 0.195531 0.173185 0.162012 0.150839 0.122906 0.117318 0.134079 0.178772 0.083800 0.111733 0.134079 0.122906 0.128491 0.134079 0.100560 0.094973 0.128491 0.100560 0.072627
0.385476 0.368716 0.391062 0.474861 0.424582 0.374303 0.368716 0.452514 0.413408 0.424582 0.385476 0.402235 0.391062 0.357543 0.340782 0.340782 0.379889 0.368716 0.368716 0.391062 0.396649 0.407822 0.441341 0.385476 0.368716 0.357543 0.368716 0.424582 0.385476 0.391062 0.379889 0.413408 0.424582 0.441341 0.385476 0.340782 0.284916 0.234637 0.212291 0.167598 0.150839 0.195531 0.184358 0.195531 0.162012 0.139666 0.139666 0.100560 0.111733 0.117318 0.117318 0.111733 0.111733 0.117318 0.139666 0.139666 0.117318 0.089387 0.094973 0.106145 0.072627 0.083800 0.083800 0.106145
0.379889 0.318436 0.329609 0.413408 0.379889 0.374303 0.368716 0.418995 0.407822 0.368716 0.340782 0.351955 0.363128 0.396649 0.418995 0.407822 0.418995 0.418995 0.418995 0.374303 0.357543 0.351955 0.374303 0.385476 0.391062 0.413408 0.435755 0.424582 0.441341 0.441341 0.379889 0.357543 0.357543 0.396649 0.368716 0.368716 0.396649 0.402235 0.379889 0.301676 0.201118 0.173185 0.167598 0.156425 0.145252 0.156425 0.106145 0.117318 0.134079 0.156425 0.173185 0.139666 0.128491 0.111733 0.106145 0.134079 0.094973 0.094973 0.100560 0.150839 0.117318 0.106145 0.122906 0.145252
0.519553 0.385476 0.351955 0.374303 0.357543 0.340782 0.324022 0.407822 0.391062 0.363128 0.391062 0.407822 0.413408 0.441341 0.463688 0.407822 0.391062 0.385476 0.402235 0.363128 0.368716 0.379889 0.391062 0.396649 0.391062 0.407822 0.413408 0.374303 0.385476 0.374303 0.357543 0.379889 0.391062 0.458101 0.497207 0.452514 0.430168 0.407822 0.368716 0.340782 0.290503 0.251397 0.184358 0.156425 0.128491 0.150839 0.145252 0.139666 0.134079 0.134079 0.134079 0.128491 0.106145 0.100560 0.117318 0.162012 0.173185 0.117318 0.139666 0.128491 0.117318 0.111733 0.111733 0.111733
0.469274 0.368716 0.363128 0.379889 0.396649 0.418995 0.424582 0.463688 0.407822 0.413408 0.435755 0.424582 0.379889 0.368716 0.374303 0.368716 0.374303 0.418995 0.418995 0.424582 0.418995 0.385476 0.346370 0.335197 0.340782 0.346370 0.385476 0.407822 0.402235 0.413408 0.435755 0.463688 0.430168 0.396649 0.407822 0.396649 0.374303 0.368716 0.391062 0.402235 0.391062 0.391062 0.340782 0.240224 0.162012 0.134079 0.145252 0.117318 0.100560 0.111733 0.134079 0.134079 0.139666 0.122906 0.156425 0.145252 0.128491 0.128491 0.128491 0.117318 0.122906 0.134079 0.134079 0.111733
0.396649 0.324022 0.312849 0.312849 0.340782 0.357543 0.413408 0.463688 0.357543 0.391062 0.396649 0.396649 0.385476 0.385476 0.402235 0.402235 0.424582 0.407822 0.385476 0.357543 0.379889 0.329609 0.351955 0.340782 0.363128 0.407822 0.424582 0.435755 0.407822 0.385476 0.379889 0.379889 0.351955 0.357543 0.379889 0.407822 0.435755 0.435755 0.413408 0.430168 0.402235 0.396649 0.396649 0.346370 0.268157 0.195531 0.167598 0.145252 0.156425 0.145252 0.150839 0.128491 0.106145 0.100560 0.100560 0.106145 0.100560 0.117318 0.145252 0.145252 0.150839 0.162012 0.150839 0.122906
0.363128 0.368716 0.368716 0.407822 0.396649 0.374303 0.424582 0.435755 0.368716 0.396649 0.418995 0.435755 0.385476 0.385476 0.363128 0.368716 0.363128 0.363128 0.363128 0.385476 0.424582 0.418995 0.446928 0.374303 0.368716 0.357543 0.363128 0.385476 0.346370 0.368716 0.391062 0.391062 0.391062 0.413408 0.418995 0.402235 0.385476 0.379889 0.379889 0.363128 0.402235 0.435755 0.435755 0.446928 0.441341 0.363128 0.284916 0.150839 0.106145 0.122906 0.100560 0.111733 0.134079 0.156425 0.150839 0.150839 0.139666 0.128491 0.150839 0.128491 0.111733 0.111733 0.117318 0.139666
0.324022 0.335197 0.357543 0.407822 0.374303 0.351955 0.391062 0.424582 0.396649 0.374303 0.385476 0.385476 0.335197 0.335197 0.351955 0.413408 0.396649 0.413408 0.402235 0.396649 0.396649 0.396649 0.402235 0.335197 0.351955 0.346370 0.374303 0.413408 0.413408 0.418995 0.385476 0.357543 0.363128 0.368716 0.351955 0.363128 0.385476 0.413408 0.435755 0.435755 0.463688 0.441341 0.430168 0.418995 0.391062 0.329609 0.312849 0.307264 0.251397 0.189945 0.134079 0.139666 0.156425 0.139666 0.128491 0.117318 0.100560 0.083800 0.106145 0.128491 0.134079 0.128491 0.150839 0.167598
0.452514 0.396649 0.351955 0.379889 0.346370 0.329609 0.329609 0.396649 0.357543 0.374303 0.363128 0.391062 0.391062 0.374303 0.391062 0.379889 0.368716 0.379889 0.374303 0.363128 0.340782 0.402235 0.407822 0.391062 0.435755 0.379889 0.379889 0.368716 0.374303 0.363128 0.318436 0.329609 0.379889 0.402235 0.413408 0.446928 0.430168 0.424582 0.418995 0.396649 0.379889 0.368716 0.351955 0.363128 0.391062 0.413408 0.418995 0.435755 0.407822 0.301676 0.201118 0.167598 0.162012 0.122906 0.100560 0.122906 0.122906 0.139666 0.184358 0.150839 0.117318 0.150839 0.156425 0.184358
0.458101 0.379889 0.385476 0.385476 0.407822 0.402235 0.418995 0.441341 0.407822 0.463688 0.402235 0.368716 0.351955 0.374303 0.351955 0.346370 0.379889 0.396649 0.413408 0.430168 0.407822 0.391062 0.363128 0.374303 0.424582 0.340782 0.335197 0.357543 0.363128 0.385476 0.396649 0.413408 0.396649 0.385476 0.385476 0.407822 0.368716 0.363128 0.363128 0.368716 0.391062 0.413408 0.441341 0.396649 0.385476 0.402235 0.374303 0.363128 0.329609 0.312849 0.335197 0.312849 0.217878 0.162012 0.167598 0.173185 0.162012 0.122906 0.167598 0.178772 0.195531 0.245810 0.312849 0.324022
0.396649 0.312849 0.312849 0.312849 0.318436 0.329609 0.418995 0.418995 0.346370 0.391062 0.329609 0.363128 0.379889 0.413408 0.396649 0.396649 0.430168 0.418995 0.391062 0.391062 0.374303 0.335197 0.351955 0.391062 0.424582 0.385476 0.413408 0.402235 0.396649 0.374303 0.340782 0.368716 0.346370 0.357543 0.374303 0.396649 0.402235 0.424582 0.413408 0.407822 0.385476 0.368716 0.379889 0.318436 0.307264 0.329609 0.318436 0.368716 0.391062 0.396649 0.413408 0.379889 0.340782 0.251397 0.167598 0.178772 0.223464 0.240224 0.268157 0.329609 0.391062 0.396649 0.452514 0.491620
0.379889 0.363128 0.385476 0.424582 0.363128 0.324022 0.396649 0.424582 0.368716 0.385476 0.391062 0.463688 0.402235 0.374303 0.351955 0.346370 0.368716 0.385476 0.363128 0.374303 0.413408 0.413408 0.424582 0.418995 0.430168 0.357543 0.379889 0.368716 0.340782 0.340782 0.351955 0.374303 0.391062 0.469274 0.407822 0.402235 0.413408 0.413408 0.335197 0.312849 0.340782 0.318436 0.379889 0.391062 0.413408 0.402235 0.391062 0.396649 0.385476 0.374303 0.329609 0.240224 0.223464 0.256984 0.284916 0.340782 0.385476 0.413408 0.413408 0.463688 0.469274 0.480447 0.508380 0.536313
0.324022 0.346370 0.385476 0.435755 0.396649 0.379889 0.418995 0.452514 0.407822 0.374303 0.374303 0.441341 0.379889 0.340782 0.357543 0.374303 0.413408 0.418995 0.424582 0.385476 0.385476 0.391062 0.402235 0.340782 0.351955 0.340782 0.379889 0.396649 0.413408 0.407822 0.385476 0.391062 0.368716 0.424582 0.357543 0.329609 0.363128 0.374303 0.379889 0.402235 0.402235 0.407822 0.430168 0.407822 0.418995 0.363128 0.351955 0.363128 0.357543 0.346370 0.318436 0.178772 0.184358 0.329609 0.391062 0.441341 0.458101 0.480447 0.497207 0.513967 0.536313 0.564246 0.603353 0.603353
0.379889 0.357543 0.346370 0.385476 0.346370 0.340782 0.363128 0.385476 0.329609 0.374303 0.363128 0.396649 0.396649 0.407822 0.430168 0.391062 0.379889 0.391062 0.385476 0.340782 0.346370 0.351955 0.379889 0.379889 0.441341 0.402235 0.413408 0.391062 0.402235 0.374303 0.357543 0.340782 0.340782 0.385476 0.368716 0.418995 0.430168 0.407822 0.402235 0.402235 0.396649 0.368716 0.346370 0.346370 0.346370 0.374303 0.374303 0.379889 0.418995 0.407822 0.385476 0.217878 0.139666 0.357543 0.463688 0.502794 0.541900 0.569832 0.592180 0.581007 0.586592 0.558659 0.536313 0.491620
0.430168 0.385476 0.396649 0.407822 0.368716 0.385476 0.424582 0.424582 0.391062 0.458101 0.385476 0.368716 0.357543 0.368716 0.357543 0.318436 0.329609 0.379889 0.402235 0.435755 0.435755 0.413408 0.385476 0.385476 0.402235 0.351955 0.357543 0.318436 0.363128 0.385476 0.385476 0.374303 0.396649 0.396649 0.396649 0.391062 0.374303 0.340782 0.340782 0.340782 0.340782 0.379889 0.413408 0.402235 0.407822 0.402235 0.385476 0.351955 0.357543 0.324022 0.296091 0.223464 0.122906 0.446928 0.558659 0.553073 0.564246 0.525140 0.491620 0.446928 0.441341 0.446928 0.435755 0.424582
0.357543 0.324022 0.329609 0.335197 0.346370 0.374303 0.446928 0.435755 0.363128 0.413408 0.335197 0.329609 0.329609 0.363128 0.391062 0.424582 0.418995 0.396649 0.385476 0.418995 0.379889 0.335197 0.307264 0.329609 0.385476 0.363128 0.430168 0.357543 0.368716 0.363128 0.374303 0.374303 0.351955 0.351955 0.346370 0.324022 0.357543 0.441341 0.435755 0.435755 0.418995 0.407822 0.413408 0.368716 0.335197 0.307264 0.329609 0.312849 0.329609 0.379889 0.374303 0.318436 0.240224 0.513967 0.631286 0.491620 0.452514 0.430168 0.391062 0.396649 0.363128 0.374303 0.324022 0.290503
0.312849 0.284916 0.324022 0.385476 0.329609 0.329609 0.430168 0.418995 0.357543 0.396649 0.418995 0.435755 0.402235 0.385476 0.351955 0.402235 0.363128 0.329609 0.307264 0.318436 0.368716 0.374303 0.374303 0.357543 0.363128 0.379889 0.418995 0.368716 0.335197 0.346370 0.351955 0.363128 0.351955 0.318436 0.346370 0.312849 0.385476 0.458101 0.418995 0.402235 0.357543 0.363128 0.357543 0.357543 0.374303 0.363128 0.357543 0.346370 0.379889 0.407822 0.407822 0.363128 0.351955 0.603353 0.715084 0.620113 0.553073 0.430168 0.273743 0.217878 0.234637 0.251397 0.251397 0.268157
0.296091 0.290503 0.357543 0.441341 0.396649 0.402235 0.424582 0.458101 0.418995 0.402235 0.379889 0.407822 0.329609 0.318436 0.346370 0.385476 0.368716 0.413408 0.407822 0.379889 0.379889 0.379889 0.385476 0.351955 0.335197 0.346370 0.368716 0.391062 0.385476 0.379889 0.368716 0.357543 0.351955 0.357543 0.407822 0.441341 0.418995 0.374303 0.351955 0.385476 0.391062 0.407822 0.424582 0.418995 0.418995 0.368716 0.324022 0.290503 0.301676 0.340782 0.335197 0.279330 0.368716 0.670392 0.804469 0.698324 0.648045 0.497207 0.223464 0.184358 0.189945 0.256984 0.290503 0.296091
0.307264 0.290503 0.335197 0.391062 0.363128 0.357543 0.374303 0.391062 0.301676 0.329609 0.329609 0.374303 0.357543 0.441341 0.396649 0.385476 0.385476 0.402235 0.368716 0.351955 0.346370 0.335197 0.351955 0.351955 0.335197 0.363128 0.374303 0.379889 0.379889 0.396649 0.418995 0.446928 0.486034 0.508380 0.513967 0.491620 0.441341 0.407822 0.407822 0.452514 0.407822 0.379889 0.374303 0.340782 0.357543 0.312849 0.307264 0.346370 0.396649 0.413408 0.413408 0.368716 0.491620 0.815642 0.810056 0.709498 0.675978 0.541900 0.256984 0.229051 0.217878 0.273743 0.301676 0.318436
0.391062 0.374303 0.385476 0.379889 0.340782 0.357543 0.385476 0.396649 0.368716 0.424582 0.368716 0.368716 0.351955 0.435755 0.391062 0.368716 0.357543 0.351955 0.357543 0.368716 0.374303 0.351955 0.357543 0.363128 0.363128 0.407822 0.424582 0.458101 0.469274 0.497207 0.497207 0.491620 0.491620 0.463688 0.424582 0.402235 0.385476 0.374303 0.363128 0.385476 0.329609 0.318436 0.329609 0.346370 0.379889 0.396649 0.402235 0.402235 0.407822 0.385476 0.357543 0.351955 0.530726 0.905029 0.893855 0.737430 0.692738 0.536313 0.284916 0.256984 0.234637 0.284916 0.318436 0.340782
0.357543 0.340782 0.357543 0.357543 0.363128 0.391062 0.502794 0.407822 0.374303 0.435755 0.346370 0.296091 0.245810 0.324022 0.301676 0.324022 0.351955 0.357543 0.363128 0.385476 0.402235 0.413408 0.424582 0.469274 0.491620 0.508380 0.558659 0.558659 0.463688 0.396649 0.351955 0.340782 0.368716 0.346370 0.324022 0.329609 0.335197 0.329609 0.346370 0.385476 0.374303 0.385476 0.396649 0.379889 0.357543 0.368716 0.368716 0.335197 0.318436 0.290503 0.324022 0.324022 0.513967 0.916202 0.949721 0.793296 0.720671 0.553073 0.290503 0.290503 0.256984 0.301676 0.329609 0.340782
0.346370 0.340782 0.335197 0.329609 0.307264 0.329609 0.480447 0.391062 0.335197 0.407822 0.379889 0.340782 0.173185 0.094973 0.178772 0.290503 0.379889 0.424582 0.441341 0.474861 0.491620 0.513967 0.497207 0.480447 0.430168 0.418995 0.603353 0.603353 0.424582 0.256984 0.184358 0.189945 0.273743 0.290503 0.296091 0.318436 0.391062 0.435755 0.396649 0.402235 0.346370 0.318436 0.318436 0.312849 0.307264 0.307264 0.374303 0.396649 0.363128 0.363128 0.391062 0.391062 0.581007 0.932961 0.960894 0.854748 0.737430 0.564246 0.329609 0.335197 0.279330 0.312849 0.357543 0.363128
0.351955 0.374303 0.413408 0.435755 0.385476 0.407822 0.474861 0.474861 0.424582 0.407822 0.385476 0.340782 0.217878 0.050281 0.251397 0.441341 0.469274 0.486034 0.480447 0.424582 0.413408 0.357543 0.279330 0.245810 0.189945 0.296091 0.648045 0.659219 0.469274 0.312849 0.212291 0.184358 0.284916 0.296091 0.307264 0.351955 0.374303 0.374303 0.324022 0.318436 0.312849 0.335197 0.357543 0.379889 0.413408 0.396649 0.396649 0.385476 0.379889 0.346370 0.324022 0.368716 0.569832 0.938548 0.977654 0.921788 0.776536 0.603353 0.368716 0.396649 0.301676 0.318436 0.374303 0.368716
0.301676 0.301676 0.385476 0.396649 0.363128 0.379889 0.418995 0.424582 0.374303 0.357543 0.335197 0.329609 0.273743 0.122906 0.324022 0.564246 0.418995 0.301676 0.262570 0.184358 0.150839 0.111733 0.083800 0.055866 0.067039 0.256984 0.664805 0.703911 0.497207 0.363128 0.268157 0.223464 0.296091 0.312849 0.324022 0.357543 0.374303 0.368716 0.374303 0.418995 0.391062 0.374303 0.374303 0.351955 0.368716 0.329609 0.312849 0.301676 0.329609 0.335197 0.374303 0.379889 0.597765 0.944135 0.977654 0.966481 0.826817 0.614526 0.413408 0.424582 0.324022 0.351955 0.357543 0.396649
0.379889 0.351955 0.391062 0.374303 0.324022 0.318436 0.357543 0.379889 0.363128 0.379889 0.407822 0.396649 0.396649 0.251397 0.413408 0.625699 0.424582 0.284916 0.184358 0.055866 0.044693 0.039106 0.033520 0.044693 0.061454 0.268157 0.698324 0.731844 0.519553 0.379889 0.307264 0.206704 0.301676 0.351955 0.357543 0.368716 0.407822 0.391062 0.391062 0.413408 0.346370 0.301676 0.279330 0.301676 0.340782 0.329609 0.357543 0.368716 0.385476 0.385476 0.402235 0.446928 0.631286 0.955308 0.988827 0.983240 0.893855 0.631286 0.424582 0.441341 0.351955 0.379889 0.396649 0.396649
0.346370 0.324022 0.351955 0.357543 0.357543 0.379889 0.441341 0.385476 0.368716 0.374303 0.374303 0.346370 0.368716 0.324022 0.491620 0.653632 0.452514 0.363128 0.229051 0.044693 0.022347 0.027933 0.061454 0.111733 0.122906 0.363128 0.798883 0.815642 0.564246 0.424582 0.324022 0.262570 0.318436 0.368716 0.379889 0.374303 0.363128 0.346370 0.346370 0.357543 0.363128 0.346370 0.357543 0.385476 0.402235 0.391062 0.368716 0.363128 0.335197 0.324022 0.301676 0.385476 0.636872 0.960894 0.983240 0.983240 0.938548 0.675978 0.474861 0.463688 0.368716 0.402235 0.402235 0.396649
0.357543 0.335197 0.312849 0.312849 0.318436 0.351955 0.441341 0.340782 0.329609 0.340782 0.351955 0.357543 0.351955 0.368716 0.581007 0.692738 0.474861 0.407822 0.284916 0.055866 0.022347 0.039106 0.078212 0.117318 0.167598 0.452514 0.893855 0.916202 0.664805 0.474861 0.346370 0.284916 0.329609 0.363128 0.413408 0.413408 0.396649 0.402235 0.391062 0.374303 0.379889 0.396649 0.368716 0.351955 0.335197 0.312849 0.329609 0.335197 0.340782 0.340782 0.363128 0.385476 0.625699 0.949721 0.977654 0.988827 0.966481 0.748604 0.508380 0.474861 0.402235 0.407822 0.396649 0.385476
0.374303 0.385476 0.424582 0.402235 0.351955 0.379889 0.458101 0.418995 0.391062 0.374303 0.391062 0.363128 0.424582 0.486034 0.709498 0.737430 0.530726 0.446928 0.301676 0.117318 0.050281 0.083800 0.167598 0.189945 0.223464 0.508380 0.921788 0.944135 0.759777 0.463688 0.351955 0.318436 0.340782 0.374303 0.407822 0.430168 0.424582 0.391062 0.374303 0.363128 0.335197 0.357543 0.318436 0.351955 0.351955 0.396649 0.391062 0.385476 0.385476 0.379889 0.391062 0.424582 0.659219 0.955308 0.977654 0.988827 0.972067 0.815642 0.564246 0.519553 0.458101 0.452514 0.413408 0.402235
0.324022 0.346370 0.424582 0.413408 0.379889 0.402235 0.413408 0.424582 0.379889 0.346370 0.357543 0.340782 0.363128 0.486034 0.821229 0.849163 0.575419 0.463688 0.307264 0.106145 0.067039 0.094973 0.195531 0.212291 0.234637 0.558659 0.938548 0.955308 0.798883 0.513967 0.357543 0.307264 0.351955 0.363128 0.396649 0.430168 0.391062 0.379889 0.363128 0.413408 0.396649 0.413408 0.407822 0.391062 0.379889 0.363128 0.351955 0.318436 0.329609 0.324022 0.307264 0.346370 0.653632 0.955308 0.977654 0.994414 0.977654 0.854748 0.608938 0.553073 0.558659 0.664805 0.446928 0.407822
0.357543 0.363128 0.402235 0.346370 0.312849 0.357543 0.385476 0.396649 0.368716 0.374303 0.391062 0.413408 0.385476 0.508380 0.854748 0.938548 0.692738 0.480447 0.312849 0.134079 0.106145 0.145252 0.223464 0.223464 0.223464 0.569832 0.938548 0.955308 0.821229 0.541900 0.351955 0.284916 0.374303 0.385476 0.407822 0.430168 0.435755 0.407822 0.407822 0.446928 0.418995 0.391062 0.368716 0.312849 0.312849 0.324022 0.329609 0.346370 0.374303 0.396649 0.379889 0.435755 0.709498 0.960894 0.983240 0.994414 0.983240 0.882682 0.653632 0.592180 0.525140 0.681565 0.474861 0.430168
0.385476 0.391062 0.413408 0.368716 0.363128 0.396649 0.441341 0.407822 0.413408 0.413408 0.396649 0.363128 0.391062 0.541900 0.893855 0.944135 0.737430 0.508380 0.301676 0.150839 0.128491 0.201118 0.262570 0.251397 0.262570 0.603353 0.938548 0.960894 0.832402 0.603353 0.357543 0.301676 0.368716 0.385476 0.435755 0.430168 0.407822 0.351955 0.329609 0.335197 0.312849 0.318436 0.363128 0.363128 0.379889 0.430168 0.446928 0.407822 0.391062 0.385476 0.385476 0.446928 0.692738 0.960894 0.983240 0.988827 0.988827 0.893855 0.698324 0.608938 0.491620 0.502794 0.446928 0.418995
0.335197 0.329609 0.357543 0.340782 0.357543 0.396649 0.441341 0.351955 0.346370 0.357543 0.318436 0.351955 0.346370 0.502794 0.877096 0.955308 0.776536 0.536313 0.324022 0.139666 0.111733 0.178772 0.234637 0.229051 0.262570 0.614526 0.944135 0.966481 0.843575 0.687151 0.413408 0.329609 0.391062 0.402235 0.441341 0.458101 0.407822 0.379889 0.357543 0.379889 0.368716 0.379889 0.402235 0.396649 0.374303 0.407822 0.407822 0.363128 0.368716 0.357543 0.351955 0.407822 0.726257 0.966481 0.977654 0.994414 0.988827 0.899442 0.715084 0.597765 0.497207 0.491620 0.446928 0.430168
0.368716 0.396649 0.441341 0.379889 0.340782 0.368716 0.452514 0.385476 0.374303 0.379889 0.368716 0.407822 0.435755 0.581007 0.899442 0.949721 0.804469 0.581007 0.340782 0.162012 0.094973 0.189945 0.251397 0.229051 0.273743 0.636872 0.949721 0.960894 0.843575 0.759777 0.513967 0.379889 0.418995 0.430168 0.458101 0.486034 0.486034 0.441341 0.402235 0.379889 0.357543 0.374303 0.357543 0.357543 0.346370 0.385476 0.391062 0.379889 0.424582 0.396649 0.385476 0.441341 0.748604 0.966481 0.977654 0.988827 1.000000 0.944135 0.743017 0.614526 0.525140 0.513967 0.480447 0.463688
0.363128 0.391062 0.486034 0.424582 0.385476 0.402235 0.446928 0.446928 0.396649 0.357543 0.351955 0.368716 0.413408 0.586592 0.905029 0.955308 0.826817 0.659219 0.340782 0.139666 0.106145 0.206704 0.284916 0.262570 0.312849 0.642459 0.944135 0.960894 0.849163 0.787710 0.541900 0.379889 0.424582 0.430168 0.474861 0.486034 0.430168 0.379889 0.329609 0.335197 0.329609 0.379889 0.396649 0.441341 0.430168 0.413408 0.379889 0.374303 0.391062 0.351955 0.340782 0.407822 0.748604 0.966481 0.977654 0.994414 0.983240 0.916202 0.743017 0.614526 0.536313 0.525140 0.525140 0.513967
0.351955 0.351955 0.424582 0.368716 0.351955 0.368716 0.413408 0.363128 0.324022 0.318436 0.340782 0.357543 0.379889 0.603353 0.916202 0.949721 0.826817 0.726257 0.379889 0.189945 0.167598 0.273743 0.284916 0.273743 0.335197 0.670392 0.949721 0.949721 0.826817 0.776536 0.536313 0.374303 0.418995 0.435755 0.480447 0.474861 0.391062 0.379889 0.374303 0.418995 0.402235 0.418995 0.407822 0.441341 0.391062 0.335197 0.301676 0.296091 0.346370 0.346370 0.346370 0.413408 0.765363 0.966481 0.977654 0.988827 0.977654 0.877096 0.720671 0.631286 0.541900 0.547486 0.530726 0.525140
0.363128 0.374303 0.379889 0.363128 0.368716 0.402235 0.430168 0.351955 0.346370 0.385476 0.385476 0.368716 0.413408 0.603353 0.921788 0.955308 0.837990 0.776536 0.486034 0.223464 0.212291 0.296091 0.329609 0.307264 0.346370 0.670392 0.949721 0.955308 0.804469 0.681565 0.508380 0.385476 0.418995 0.441341 0.486034 0.474861 0.374303 0.340782 0.363128 0.413408 0.368716 0.346370 0.329609 0.374303 0.368716 0.379889 0.391062 0.379889 0.391062 0.379889 0.391062 0.463688 0.765363 0.966481 0.977654 0.988827 0.977654 0.871509 0.737430 0.631286 0.558659 0.553073 0.541900 0.525140
0.335197 0.324022 0.346370 0.340782 0.363128 0.441341 0.452514 0.340782 0.346370 0.363128 0.324022 0.340782 0.391062 0.597765 0.921788 0.955308 0.837990 0.793296 0.486034 0.217878 0.212291 0.307264 0.329609 0.329609 0.368716 0.692738 0.949721 0.949721 0.793296 0.648045 0.502794 0.385476 0.441341 0.458101 0.486034 0.469274 0.318436 0.312849 0.340782 0.379889 0.385476 0.402235 0.374303 0.379889 0.363128 0.402235 0.391062 0.363128 0.335197 0.324022 0.340782 0.430168 0.754190 0.966481 0.983240 0.988827 0.977654 0.877096 0.737430 0.631286 0.547486 0.553073 0.541900 0.536313
0.374303 0.351955 0.396649 0.368716 0.329609 0.413408 0.491620 0.346370 0.329609 0.351955 0.340782 0.391062 0.441341 0.620113 0.921788 0.949721 0.843575 0.804469 0.491620 0.234637 0.223464 0.324022 0.324022 0.296091 0.357543 0.709498 0.949721 0.949721 0.804469 0.687151 0.486034 0.385476 0.430168 0.458101 0.491620 0.486034 0.435755 0.396649 0.385476 0.402235 0.402235 0.424582 0.351955 0.335197 0.301676 0.329609 0.335197 0.346370 0.374303 0.351955 0.379889 0.435755 0.759777 0.966481 0.983240 0.988827 0.977654 0.860336 0.731844 0.625699 0.558659 0.564246 0.558659 0.547486
0.396649 0.391062 0.452514 0.435755 0.385476 0.402235 0.469274 0.385476 0.357543 0.335197 0.368716 0.396649 0.469274 0.670392 0.932961 0.949721 0.837990 0.815642 0.491620 0.268157 0.240224 0.340782 0.318436 0.329609 0.379889 0.731844 0.966481 0.955308 0.826817 0.782123 0.491620 0.396649 0.452514 0.480447 0.508380 0.491620 0.413408 0.363128 0.340782 0.335197 0.335197 0.357543 0.351955 0.402235 0.363128 0.368716 0.363128 0.391062 0.446928 0.363128 0.385476 0.441341 0.754190 0.960894 0.983240 0.988827 0.977654 0.854748 0.726257 0.631286 0.581007 0.553073 0.553073 0.536313
0.357543 0.346370 0.385476 0.363128 0.357543 0.363128 0.402235 0.346370 0.296091 0.307264 0.335197 0.418995 0.486034 0.670392 0.932961 0.949721 0.837990 0.804469 0.486034 0.251397 0.251397 0.340782 0.329609 0.329609 0.374303 0.737430 0.955308 0.955308 0.832402 0.798883 0.502794 0.374303 0.463688 0.480447 0.513967 0.497207 0.379889 0.346370 0.363128 0.402235 0.379889 0.385476 0.379889 0.458101 0.357543 0.335197 0.351955 0.340782 0.363128 0.312849 0.329609 0.402235 0.770950 0.960894 0.983240 0.983240 0.972067 0.826817 0.720671 0.625699 0.586592 0.569832 0.569832 0.553073
0.407822 0.407822 0.407822 0.385476 0.379889 0.413408 0.430168 0.363128 0.379889 0.430168 0.413408 0.469274 0.519553 0.670392 0.932961 0.944135 0.849163 0.815642 0.480447 0.279330 0.279330 0.368716 0.335197 0.335197 0.407822 0.754190 0.955308 0.949721 0.821229 0.793296 0.508380 0.402235 0.463688 0.497207 0.541900 0.513967 0.402235 0.374303 0.396649 0.402235 0.379889 0.346370 0.346370 0.402235 0.329609 0.307264 0.312849 0.324022 0.346370 0.357543 0.391062 0.441341 0.765363 0.960894 0.983240 0.988827 0.977654 0.843575 0.731844 0.631286 0.569832 0.564246 0.541900 0.553073
0.357543 0.379889 0.396649 0.385476 0.396649 0.441341 0.458101 0.351955 0.351955 0.413408 0.391062 0.435755 0.452514 0.653632 0.932961 0.938548 0.843575 0.810056 0.463688 0.251397 0.312849 0.402235 0.368716 0.357543 0.430168 0.782123 0.955308 0.949721 0.837990 0.804469 0.486034 0.413408 0.486034 0.530726 0.564246 0.519553 0.368716 0.351955 0.335197 0.351955 0.324022 0.351955 0.363128 0.385476 0.357543 0.368716 0.363128 0.340782 0.340782 0.340782 0.424582 0.469274 0.793296 0.960894 0.983240 0.988827 0.972067 0.837990 0.731844 0.620113 0.581007 0.558659 0.553073 0.536313
0.357543 0.357543 0.363128 0.312849 0.329609 0.402235 0.441341 0.318436 0.329609 0.346370 0.368716 0.441341 0.469274 0.720671 0.944135 0.944135 0.837990 0.798883 0.463688 0.290503 0.340782 0.391062 0.357543 0.402235 0.452514 0.810056 0.960894 0.949721 0.837990 0.804469 0.480447 0.424582 0.525140 0.541900 0.581007 0.547486 0.379889 0.379889 0.368716 0.374303 0.357543 0.368716 0.346370 0.346370 0.346370 0.346370 0.335197 0.312849 0.307264 0.324022 0.385476 0.435755 0.793296 0.960894 0.972067 0.983240 0.972067 0.832402 0.731844 0.620113 0.569832 0.569832 0.553073 0.536313
0.391062 0.385476 0.474861 0.374303 0.379889 0.418995 0.513967 0.402235 0.363128 0.357543 0.402235 0.413408 0.508380 0.748604 0.944135 0.938548 0.832402 0.798883 0.474861 0.301676 0.396649 0.446928 0.379889 0.407822 0.486034 0.798883 0.966481 0.949721 0.837990 0.793296 0.474861 0.441341 0.541900 0.569832 0.608938 0.553073 0.435755 0.407822 0.391062 0.368716 0.357543 0.335197 0.301676 0.318436 0.329609 0.368716 0.379889 0.396649 0.379889 0.391062 0.441341 0.502794 0.826817 0.966481 0.977654 0.983240 0.972067 0.821229 0.731844 0.620113 0.575419 0.575419 0.558659 0.541900
0.368716 0.379889 0.463688 0.351955 0.351955 0.396649 0.480447 0.363128 0.301676 0.307264 0.335197 0.407822 0.469274 0.776536 0.949721 0.932961 0.826817 0.782123 0.458101 0.318436 0.418995 0.469274 0.385476 0.413408 0.508380 0.826817 0.966481 0.944135 0.832402 0.798883 0.441341 0.458101 0.564246 0.597765 0.614526 0.541900 0.391062 0.351955 0.351955 0.368716 0.368716 0.396649 0.402235 0.418995 0.385476 0.385476 0.396649 0.424582 0.418995 0.363128 0.402235 0.480447 0.832402 0.966481 0.983240 0.983240 0.966481 0.815642 0.731844 0.625699 0.586592 0.575419 0.564246 0.541900
0.385476 0.379889 0.413408 0.357543 0.351955 0.396649 0.446928 0.346370 0.340782 0.374303 0.402235 0.491620 0.502794 0.798883 0.949721 0.932961 0.832402 0.793296 0.486034 0.351955 0.441341 0.486034 0.441341 0.446928 0.497207 0.826817 0.960894 0.944135 0.843575 0.793296 0.474861 0.497207 0.553073 0.592180 0.592180 0.525140 0.363128 0.351955 0.374303 0.391062 0.385476 0.368716 0.379889 0.391062 0.340782 0.346370 0.335197 0.374303 0.391062 0.363128 0.391062 0.480447 0.860336 0.966481 0.983240 0.983240 0.966481 0.810056 0.731844 0.625699 0.569832 0.564246 0.553073 0.547486
0.385476 0.391062 0.407822 0.413408 0.385476 0.463688 0.441341 0.340782 0.368716 0.374303 0.374303 0.435755 0.486034 0.776536 0.949721 0.927375 0.849163 0.804469 0.508380 0.351955 0.435755 0.491620 0.463688 0.469274 0.536313 0.843575 0.960894 0.944135 0.849163 0.804469 0.491620 0.519553 0.564246 0.586592 0.603353 0.530726 0.340782 0.335197 0.379889 0.340782 0.318436 0.312849 0.329609 0.346370 0.346370 0.379889 0.357543 0.357543 0.346370 0.357543 0.418995 0.508380 0.860336 0.966481 0.977654 0.983240 0.966481 0.810056 0.737430 0.620113 0.581007 0.581007 0.553073 0.530726
0.329609 0.351955 0.357543 0.335197 0.346370 0.446928 0.435755 0.296091 0.307264 0.324022 0.324022 0.424582 0.480447 0.776536 0.949721 0.927375 0.843575 0.804469 0.513967 0.357543 0.446928 0.480447 0.469274 0.491620 0.541900 0.849163 0.960894 0.944135 0.854748 0.810056 0.474861 0.513967 0.581007 0.603353 0.620113 0.553073 0.340782 0.312849 0.346370 0.351955 0.374303 0.379889 0.340782 0.351955 0.363128 0.413408 0.357543 0.301676 0.290503 0.324022 0.385476 0.480447 0.865923 0.972067 0.983240 0.983240 0.960894 0.810056 0.731844 0.625699 0.564246 0.569832 0.541900 0.519553
0.374303 0.446928 0.458101 0.391062 0.368716 0.413408 0.430168 0.363128 0.357543 0.357543 0.374303 0.463688 0.536313 0.821229 0.949721 0.932961 0.854748 0.804469 0.519553 0.374303 0.458101 0.497207 0.480447 0.491620 0.536313 0.854748 0.966481 0.944135 0.860336 0.798883 0.463688 0.502794 0.575419 0.608938 0.631286 0.558659 0.418995 0.374303 0.351955 0.340782 0.351955 0.379889 0.340782 0.324022 0.335197 0.363128 0.340782 0.324022 0.363128 0.379889 0.452514 0.491620 0.843575 0.966481 0.983240 0.983240 0.960894 0.804469 0.726257 0.603353 0.564246 0.558659 0.536313 0.541900
0.340782 0.430168 0.446928 0.379889 0.374303 0.385476 0.407822 0.357543 0.318436 0.296091 0.351955 0.424582 0.474861 0.782123 0.955308 0.927375 0.849163 0.787710 0.513967 0.340782 0.463688 0.502794 0.497207 0.474861 0.536313 0.871509 0.966481 0.944135 0.871509 0.804469 0.469274 0.541900 0.608938 0.648045 0.692738 0.620113 0.446928 0.357543 0.324022 0.301676 0.324022 0.363128 0.346370 0.357543 0.379889 0.368716 0.363128 0.374303 0.396649 0.396649 0.463688 0.502794 0.860336 0.966481 0.983240 0.983240 0.955308 0.793296 0.720671 0.603353 0.592180 0.569832 0.553073 0.541900
0.351955 0.374303 0.379889 0.324022 0.318436 0.357543 0.385476 0.335197 0.329609 0.346370 0.363128 0.463688 0.519553 0.804469 0.944135 0.916202 0.860336 0.787710 0.497207 0.363128 0.486034 0.486034 0.486034 0.480447 0.547486 0.888269 0.966481 0.944135 0.893855 0.837990 0.608938 0.731844 0.815642 0.854748 0.888269 0.782123 0.452514 0.374303 0.407822 0.357543 0.363128 0.402235 0.363128 0.402235 0.379889 0.351955 0.351955 0.374303 0.351955 0.329609 0.368716 0.469274 0.860336 0.966481 0.983240 0.988827 0.955308 0.787710 0.720671 0.603353 0.569832 0.564246 0.547486 0.547486
0.374303 0.391062 0.413408 0.396649 0.374303 0.508380 0.424582 0.363128 0.368716 0.368716 0.351955 0.441341 0.525140 0.826817 0.949721 0.927375 0.865923 0.787710 0.508380 0.385476 0.491620 0.513967 0.525140 0.530726 0.614526 0.899442 0.960894 0.955308 0.938548 0.938548 0.916202 0.938548 0.955308 0.955308 0.932961 0.754190 0.396649 0.374303 0.413408 0.340782 0.312849 0.301676 0.301676 0.346370 0.324022 0.351955 0.351955 0.346370 0.340782 0.368716 0.430168 0.525140 0.882682 0.972067 0.977654 0.977654 0.949721 0.770950 0.715084 0.608938 0.575419 0.564246 0.558659 0.541900
0.318436 0.335197 0.340782 0.363128 0.357543 0.497207 0.368716 0.284916 0.312849 0.312849 0.335197 0.413408 0.491620 0.798883 0.944135 0.916202 0.865923 0.765363 0.547486 0.497207 0.631286 0.703911 0.754190 0.815642 0.865923 0.938548 0.966481 0.960894 0.955308 0.949721 0.938548 0.927375 0.916202 0.893855 0.877096 0.670392 0.340782 0.290503 0.312849 0.324022 0.335197 0.346370 0.357543 0.363128 0.374303 0.396649 0.363128 0.346370 0.324022 0.335197 0.379889 0.486034 0.882682 0.966481 0.983240 0.988827 0.949721 0.776536 0.709498 0.608938 0.569832 0.564246 0.564246 0.547486
0.357543 0.396649 0.374303 0.340782 0.346370 0.452514 0.430168 0.351955 0.357543 0.363128 0.374303 0.474861 0.547486 0.804469 0.938548 0.927375 0.910615 0.888269 0.832402 0.854748 0.893855 0.910615 0.927375 0.932961 0.927375 0.927375 0.927375 0.910615 0.888269 0.871509 0.843575 0.832402 0.815642 0.810056 0.821229 0.670392 0.435755 0.351955 0.329609 0.335197 0.374303 0.385476 0.357543 0.312849 0.307264 0.346370 0.301676 0.307264 0.307264 0.312849 0.368716 0.469274 0.877096 0.966481 0.983240 0.983240 0.944135 0.765363 0.709498 0.603353 0.581007 0.553073 0.541900 0.536313
0.351955 0.413408 0.391062 0.357543 0.363128 0.463688 0.480447 0.374303 0.318436 0.318436 0.335197 0.424582 0.513967 0.810056 0.932961 0.944135 0.938548 0.932961 0.921788 0.927375 0.916202 0.905029 0.893855 0.860336 0.854748 0.837990 0.826817 0.810056 0.804469 0.804469 0.787710 0.787710 0.782123 0.776536 0.782123 0.670392 0.486034 0.329609 0.324022 0.329609 0.329609 0.312849 0.301676 0.296091 0.335197 0.363128 0.346370 0.374303 0.379889 0.363128 0.424582 0.536313 0.882682 0.966481 0.983240 0.977654 0.949721 0.765363 0.715084 0.608938 0.586592 0.569832 0.553073 0.541900
0.363128 0.363128 0.312849 0.312849 0.312849 0.391062 0.407822 0.329609 0.329609 0.312849 0.407822 0.592180 0.625699 0.804469 0.910615 0.916202 0.910615 0.893855 0.865923 0.849163 0.843575 0.821229 0.798883 0.793296 0.787710 0.782123 0.782123 0.776536 0.754190 0.748604 0.698324 0.642459 0.575419 0.502794 0.491620 0.525140 0.396649 0.296091 0.329609 0.346370 0.351955 0.363128 0.374303 0.396649 0.379889 0.385476 0.351955 0.351955 0.340782 0.335197 0.374303 0.541900 0.899442 0.966481 0.983240 0.983240 0.938548 0.765363 0.703911 0.597765 0.569832 0.575419 0.553073 0.541900
