0.43306 0.38092 0.35994 0.35790 0.35761 0.35333 0.36739 0.36912 0.36541 0.36852 0.35903 0.36436 0.36990 0.38903 0.38942 0.39138 0.38964 0.38397 0.37658 0.36978 0.36386 0.34778 0.24905 0.16973 0.14363 0.13245 0.13464 0.12613 0.13431 0.13495 0.13279 0.11367 0.11354 0.11971 0.11939 0.11144 0.11326 0.11204 0.12022 0.12537 0.12914 0.12160 0.12998 0.11869 0.10145 0.10717 0.11370 0.11314 0.11100 0.09614 0.08508 0.08585 0.07293 0.07968 0.08364 0.08850 0.08788 0.08817 0.09627 0.09947 0.08927 0.06948 0.06994 0.06791
0.42963 0.39662 0.37660 0.37063 0.37683 0.36609 0.37045 0.38249 0.37496 0.37631 0.38008 0.38059 0.37925 0.38418 0.39376 0.38004 0.36416 0.36285 0.37177 0.37534 0.38717 0.37360 0.33846 0.26799 0.20401 0.16842 0.13302 0.12747 0.12780 0.13341 0.12575 0.11677 0.12314 0.13126 0.12447 0.10752 0.11251 0.11535 0.11884 0.13100 0.12739 0.12559 0.12875 0.12916 0.12383 0.12049 0.11085 0.11089 0.09776 0.09244 0.08397 0.08257 0.09359 0.09639 0.09479 0.09375 0.09466 0.09096 0.08292 0.08478 0.07258 0.06922 0.07971 0.08074
0.39284 0.37555 0.37325 0.37098 0.36560 0.37179 0.37726 0.38951 0.39244 0.38332 0.37793 0.37196 0.37694 0.38301 0.36879 0.36831 0.38518 0.40550 0.38760 0.37557 0.37598 0.37441 0.36381 0.36480 0.33623 0.24821 0.17139 0.15737 0.13759 0.13809 0.13403 0.12332 0.12631 0.12219 0.11930 0.11588 0.12319 0.12719 0.13035 0.12731 0.13166 0.13030 0.12907 0.12948 0.12476 0.11583 0.11056 0.11320 0.09496 0.08101 0.08691 0.09296 0.10130 0.10125 0.09889 0.10462 0.08789 0.08052 0.08190 0.07671 0.07857 0.07725 0.08920 0.06931
0.37968 0.36245 0.36877 0.36812 0.36672 0.35313 0.35927 0.37696 0.37835 0.36933 0.39032 0.37306 0.37369 0.37479 0.36920 0.37212 0.37620 0.36737 0.36105 0.37808 0.39246 0.38711 0.38525 0.38059 0.37694 0.35952 0.27986 0.23073 0.18098 0.16922 0.14583 0.12602 0.13197 0.12254 0.12583 0.12754 0.12314 0.12510 0.13039 0.13834 0.12688 0.13283 0.13105 0.12854 0.11419 0.11986 0.12399 0.12301 0.10797 0.09333 0.09234 0.10255 0.10237 0.10479 0.10075 0.09153 0.08587 0.07139 0.07499 0.07199 0.07357 0.08568 0.07343 0.07030
0.38474 0.36785 0.37009 0.39313 0.39648 0.38995 0.38462 0.38253 0.37423 0.36507 0.36479 0.36492 0.37298 0.36987 0.36157 0.36421 0.37929 0.38433 0.38919 0.38487 0.38479 0.38684 0.39673 0.38086 0.37911 0.37420 0.36404 0.35498 0.32733 0.26841 0.20530 0.15857 0.13309 0.12822 0.12691 0.11573 0.11928 0.12320 0.12283 0.13510 0.13215 0.13924 0.13554 0.13486 0.12201 0.12554 0.12940 0.11901 0.11505 0.11449 0.11229 0.11241 0.11408 0.11194 0.10007 0.09341 0.08199 0.07686 0.07200 0.07769 0.08576 0.09289 0.08727 0.08783
0.39475 0.36125 0.36818 0.38217 0.38488 0.37058 0.36932 0.37586 0.37531 0.36141 0.36333 0.37329 0.38031 0.37259 0.37298 0.37392 0.38453 0.39434 0.38595 0.37372 0.36611 0.36693 0.37068 0.36964 0.38533 0.39089 0.38121 0.38693 0.38553 0.36565 0.30136 0.23227 0.17150 0.14601 0.13017 0.11870 0.11963 0.12583 0.13494 0.13089 0.13517 0.13145 0.13419 0.13523 0.12128 0.13368 0.11695 0.11630 0.13474 0.12103 0.13112 0.11041 0.10685 0.10404 0.09979 0.09277 0.08702 0.08053 0.08469 0.08657 0.09148 0.09011 0.09683 0.09287
0.40683 0.38831 0.36971 0.37388 0.37688 0.37709 0.37314 0.38012 0.37871 0.38048 0.37501 0.37471 0.38203 0.37258 0.37006 0.36688 0.36412 0.36602 0.36909 0.36463 0.37378 0.37898 0.37506 0.37602 0.37115 0.37505 0.37040 0.36900 0.37274 0.38534 0.37804 0.35601 0.28842 0.20898 0.16101 0.13429 0.13239 0.13566 0.13550 0.12992 0.12292 0.12970 0.13908 0.13447 0.12357 0.12657 0.12365 0.13422 0.12909 0.12328 0.12127 0.11700 0.11177 0.11113 0.09828 0.11068 0.10052 0.09676 0.09715 0.09343 0.09576 0.09114 0.08441 0.08719
0.40174 0.37332 0.36222 0.36505 0.36785 0.38169 0.38965 0.40567 0.39819 0.38765 0.37735 0.35266 0.35307 0.36436 0.37171 0.37631 0.38307 0.39380 0.39130 0.38536 0.38459 0.37407 0.36422 0.36640 0.36140 0.36961 0.36542 0.38207 0.38958 0.38988 0.38777 0.39694 0.37199 0.31358 0.23218 0.16760 0.14467 0.14104 0.13302 0.13023 0.12527 0.12427 0.13244 0.12845 0.12153 0.12859 0.12555 0.13050 0.12327 0.12488 0.12139 0.12970 0.11719 0.10610 0.09381 0.10922 0.09715 0.10684 0.10486 0.10098 0.10585 0.10519 0.10101 0.08967
0.36501 0.36274 0.36378 0.36055 0.35457 0.35875 0.37147 0.39232 0.37443 0.37555 0.37147 0.37666 0.38037 0.37307 0.37281 0.37863 0.38542 0.38334 0.36538 0.35739 0.36353 0.35323 0.37280 0.38761 0.38346 0.37316 0.38004 0.38944 0.38729 0.38174 0.38680 0.38319 0.38708 0.37512 0.33681 0.24951 0.19636 0.16919 0.15600 0.13207 0.13001 0.11793 0.12850 0.12995 0.13199 0.14330 0.13607 0.13754 0.13205 0.12957 0.11919 0.12592 0.12363 0.09902 0.11180 0.11909 0.11926 0.11545 0.10503 0.09752 0.10703 0.11222 0.10151 0.07895
0.38953 0.36532 0.38031 0.38959 0.39676 0.37604 0.38232 0.39049 0.39734 0.39334 0.37511 0.37280 0.37524 0.37272 0.37492 0.37914 0.38388 0.37972 0.38149 0.37839 0.38584 0.38366 0.38018 0.37168 0.36073 0.35804 0.36732 0.37590 0.36967 0.37497 0.37178 0.37950 0.39604 0.39410 0.36747 0.34523 0.30703 0.26060 0.21834 0.17329 0.15116 0.13916 0.13371 0.14554 0.13040 0.13742 0.12999 0.11961 0.11831 0.12202 0.12397 0.12054 0.11420 0.11348 0.12172 0.11918 0.11898 0.11556 0.10078 0.11006 0.10591 0.10471 0.10547 0.10172
0.37524 0.35818 0.36852 0.38056 0.36936 0.37239 0.37587 0.38886 0.38889 0.37977 0.36033 0.36137 0.37189 0.36864 0.37667 0.38604 0.38400 0.38765 0.38250 0.36346 0.36800 0.36856 0.38115 0.37987 0.37415 0.38225 0.38921 0.39130 0.39305 0.39214 0.37669 0.37147 0.37592 0.38049 0.37201 0.36916 0.37712 0.37781 0.37091 0.30399 0.21643 0.17242 0.14252 0.13632 0.12996 0.12549 0.11492 0.11526 0.12230 0.13541 0.12902 0.12971 0.11662 0.10745 0.11090 0.12090 0.12113 0.10575 0.11342 0.11761 0.12313 0.10584 0.11510 0.12257
0.41351 0.38325 0.36427 0.36977 0.36481 0.36213 0.36241 0.37732 0.37972 0.37159 0.37306 0.38193 0.38410 0.37872 0.39556 0.38795 0.37580 0.37282 0.38262 0.37330 0.37549 0.38098 0.38625 0.37223 0.37290 0.37876 0.38298 0.37143 0.37568 0.37953 0.36238 0.37039 0.37961 0.39470 0.40060 0.39233 0.38408 0.36855 0.37126 0.36858 0.33959 0.26379 0.18782 0.15249 0.13433 0.12540 0.12138 0.12380 0.12393 0.12321 0.13500 0.13323 0.11521 0.11365 0.11046 0.12937 0.12977 0.11789 0.11721 0.12187 0.12592 0.12429 0.12018 0.12533
0.41121 0.37767 0.36643 0.36686 0.37243 0.38244 0.39041 0.40195 0.39070 0.38177 0.39385 0.38282 0.37781 0.37155 0.37777 0.37343 0.37816 0.38538 0.38829 0.38969 0.39185 0.37931 0.37116 0.36618 0.36632 0.36742 0.37605 0.38373 0.39180 0.39102 0.39066 0.39705 0.38999 0.38368 0.38264 0.36865 0.38058 0.38293 0.37822 0.38918 0.38523 0.36705 0.30554 0.22471 0.17140 0.14210 0.13765 0.12501 0.12221 0.12487 0.12334 0.12394 0.11853 0.12940 0.12939 0.12557 0.12928 0.12168 0.11982 0.12531 0.11702 0.12029 0.12150 0.11873
0.38480 0.36185 0.35185 0.35825 0.38344 0.39057 0.39720 0.40250 0.38208 0.37861 0.38692 0.39117 0.37340 0.37404 0.38265 0.38774 0.38387 0.38937 0.38010 0.37157 0.36879 0.36610 0.36618 0.36517 0.37437 0.38090 0.38475 0.38377 0.38532 0.36923 0.37214 0.38133 0.37784 0.36496 0.37836 0.38465 0.38951 0.38908 0.38193 0.38536 0.37679 0.38018 0.36866 0.33997 0.23895 0.19143 0.16687 0.13574 0.12895 0.12620 0.11969 0.12186 0.12149 0.12923 0.11546 0.12477 0.11920 0.12436 0.12482 0.12053 0.12166 0.11701 0.12312 0.12377
0.38604 0.38517 0.38638 0.38962 0.37928 0.38032 0.39272 0.40259 0.38705 0.38334 0.39101 0.39421 0.38352 0.36951 0.36372 0.38160 0.37602 0.37623 0.37848 0.37295 0.38307 0.38044 0.37865 0.37060 0.37123 0.36391 0.36203 0.38283 0.38611 0.36650 0.36403 0.37799 0.39316 0.38345 0.39327 0.39496 0.38721 0.38522 0.38307 0.36736 0.38205 0.40202 0.39238 0.38775 0.37297 0.31800 0.26106 0.18616 0.15246 0.14009 0.12324 0.12099 0.13094 0.12110 0.12293 0.12379 0.11348 0.11900 0.11935 0.11935 0.11452 0.12040 0.11999 0.12772
0.36562 0.37134 0.37386 0.37781 0.38555 0.37690 0.38601 0.38688 0.39039 0.39164 0.38839 0.38270 0.36091 0.35693 0.37180 0.38263 0.38639 0.39357 0.38832 0.38119 0.39235 0.39140 0.38444 0.36989 0.37071 0.37254 0.37438 0.38195 0.38610 0.38302 0.37396 0.37356 0.37439 0.36860 0.36902 0.37295 0.37274 0.38633 0.38586 0.39766 0.40411 0.41328 0.39190 0.37836 0.36700 0.36366 0.35890 0.31732 0.24760 0.19034 0.15170 0.14082 0.13682 0.12247 0.11957 0.11070 0.11041 0.11486 0.12524 0.12387 0.13213 0.12577 0.13669 0.14265
0.39114 0.37158 0.36618 0.38186 0.37405 0.36214 0.37068 0.38372 0.38217 0.38514 0.38276 0.37406 0.36686 0.36916 0.37041 0.37458 0.37130 0.38416 0.37600 0.36212 0.36519 0.37712 0.39352 0.38554 0.38265 0.37673 0.37914 0.37601 0.37364 0.37128 0.36205 0.36772 0.37838 0.38944 0.38614 0.39587 0.38951 0.39838 0.39838 0.38151 0.37944 0.39381 0.37520 0.36870 0.37175 0.38082 0.38610 0.37890 0.38595 0.33092 0.23212 0.19204 0.15691 0.13528 0.12034 0.11774 0.11637 0.12842 0.13848 0.14771 0.15281 0.15587 0.17545 0.18866
0.39340 0.37601 0.36886 0.36149 0.37029 0.37834 0.39405 0.39669 0.39047 0.38992 0.38385 0.38666 0.37607 0.37089 0.37051 0.36455 0.37245 0.37681 0.39056 0.39317 0.38450 0.37837 0.36873 0.36947 0.38451 0.36439 0.35682 0.35786 0.37456 0.38117 0.38129 0.38112 0.37773 0.37774 0.36415 0.38561 0.37015 0.37514 0.37322 0.36696 0.37362 0.38796 0.38975 0.38076 0.37517 0.38454 0.37370 0.36600 0.36416 0.36274 0.35779 0.30952 0.21411 0.15290 0.14029 0.14800 0.15118 0.15682 0.18146 0.20071 0.22321 0.25840 0.28651 0.30304
0.38312 0.36266 0.35525 0.35065 0.36092 0.36326 0.37840 0.37565 0.37324 0.37380 0.37962 0.37501 0.37830 0.38024 0.38022 0.37212 0.38414 0.38523 0.38674 0.37939 0.38314 0.37531 0.36567 0.38352 0.38783 0.37097 0.38307 0.37845 0.37953 0.37566 0.37320 0.37832 0.36894 0.37582 0.38299 0.38777 0.38516 0.38054 0.38459 0.37603 0.37249 0.37186 0.37405 0.36559 0.35855 0.35504 0.35918 0.37158 0.37172 0.38012 0.38135 0.36681 0.29701 0.21439 0.18971 0.21000 0.23879 0.26440 0.28570 0.31309 0.35095 0.39304 0.42280 0.43481
0.37300 0.36819 0.37047 0.37976 0.37853 0.36754 0.37661 0.39121 0.37202 0.37303 0.37440 0.39845 0.39747 0.38376 0.36132 0.37322 0.37457 0.37064 0.37755 0.38267 0.38817 0.38031 0.37317 0.38596 0.38446 0.37515 0.38213 0.37554 0.36338 0.36684 0.37475 0.38032 0.39138 0.39777 0.37963 0.39016 0.39433 0.38934 0.37192 0.37065 0.37265 0.36901 0.37692 0.38330 0.38256 0.38628 0.37879 0.38308 0.38231 0.37755 0.35825 0.32392 0.29715 0.28686 0.30470 0.33304 0.36826 0.40650 0.43114 0.43410 0.44478 0.47047 0.49551 0.50149
0.35255 0.35292 0.37083 0.38518 0.38255 0.37701 0.39879 0.40808 0.38149 0.37543 0.37801 0.38886 0.37499 0.36386 0.36963 0.37344 0.37742 0.38246 0.38793 0.38800 0.37999 0.36748 0.36611 0.37294 0.36766 0.36742 0.36819 0.37231 0.38627 0.38923 0.38155 0.37910 0.38993 0.39745 0.37879 0.37528 0.38665 0.38107 0.37369 0.38139 0.37058 0.38744 0.39656 0.39193 0.38367 0.36797 0.36438 0.36957 0.36027 0.35587 0.34508 0.26079 0.25172 0.32460 0.37156 0.40127 0.42594 0.46983 0.49398 0.50166 0.51916 0.53697 0.55612 0.54402
0.37396 0.37025 0.37117 0.37704 0.37121 0.36709 0.38130 0.37916 0.36953 0.38027 0.37676 0.37838 0.38016 0.38536 0.38597 0.37496 0.37150 0.38006 0.38502 0.36992 0.36140 0.36666 0.38770 0.39089 0.39747 0.37900 0.37531 0.37753 0.38695 0.37512 0.36328 0.36301 0.37717 0.38384 0.37426 0.38236 0.38869 0.38509 0.38337 0.38623 0.38073 0.38478 0.38131 0.37333 0.37157 0.36417 0.36961 0.37485 0.37934 0.37269 0.34840 0.23472 0.20595 0.36804 0.42316 0.45704 0.49082 0.53007 0.54210 0.53084 0.53471 0.54390 0.53941 0.51421
0.37548 0.37958 0.38543 0.37784 0.37772 0.38606 0.39879 0.40148 0.38394 0.38753 0.38221 0.37752 0.37102 0.38486 0.37694 0.36155 0.35606 0.36446 0.37972 0.39520 0.38535 0.37748 0.36989 0.38055 0.38032 0.36577 0.35889 0.36333 0.36785 0.36990 0.38029 0.38050 0.37406 0.37291 0.36878 0.37541 0.37631 0.38166 0.37157 0.36747 0.37078 0.38036 0.38586 0.38657 0.38717 0.38016 0.37652 0.37227 0.36676 0.36575 0.34376 0.27708 0.19975 0.40218 0.50003 0.51655 0.52322 0.51126 0.47312 0.43341 0.42765 0.42632 0.41593 0.41130
0.37611 0.35964 0.36641 0.36628 0.37215 0.38694 0.39576 0.40400 0.37846 0.37284 0.35821 0.35416 0.35851 0.37417 0.37528 0.38733 0.38566 0.37196 0.37063 0.38165 0.36756 0.35617 0.35359 0.36044 0.37651 0.37158 0.38175 0.36277 0.36639 0.37131 0.37656 0.38301 0.36855 0.36825 0.36582 0.36104 0.37293 0.38832 0.39489 0.39250 0.39863 0.39199 0.38582 0.36914 0.35971 0.34892 0.34424 0.35607 0.36127 0.37906 0.37561 0.35161 0.26985 0.45103 0.60888 0.54186 0.51387 0.42007 0.39143 0.37801 0.37061 0.36789 0.35151 0.34279
0.34437 0.35256 0.35992 0.37861 0.37604 0.37570 0.39414 0.38865 0.37176 0.38582 0.39764 0.38819 0.38464 0.37033 0.37259 0.37939 0.37363 0.35943 0.35764 0.36163 0.37574 0.37356 0.37143 0.36403 0.37455 0.37963 0.37845 0.37146 0.37166 0.37680 0.37800 0.37479 0.37236 0.36658 0.36858 0.37110 0.38361 0.40148 0.40081 0.38611 0.37890 0.38190 0.38061 0.37410 0.37803 0.36777 0.36494 0.36114 0.38162 0.38340 0.38151 0.37239 0.37383 0.56260 0.72677 0.58150 0.55203 0.42829 0.34502 0.32441 0.30960 0.31769 0.31604 0.32168
0.34427 0.36112 0.36962 0.39320 0.38245 0.37784 0.39581 0.39536 0.38985 0.38787 0.38996 0.38329 0.36553 0.35654 0.36723 0.37283 0.37244 0.38381 0.38320 0.36856 0.36992 0.36530 0.37898 0.37814 0.37247 0.37406 0.37652 0.37236 0.38184 0.37315 0.36688 0.37305 0.37457 0.37959 0.39171 0.38989 0.38821 0.38340 0.37374 0.37103 0.37266 0.36973 0.38036 0.39193 0.38706 0.36814 0.34442 0.33924 0.35201 0.36803 0.37461 0.35217 0.40785 0.70995 0.80458 0.62638 0.60745 0.48475 0.28834 0.28398 0.26753 0.30515 0.31461 0.32704
0.35319 0.35955 0.36519 0.37439 0.38030 0.37513 0.37832 0.38158 0.35821 0.36180 0.36939 0.37898 0.36633 0.38543 0.38073 0.38221 0.37292 0.37371 0.37148 0.37281 0.36547 0.36672 0.37540 0.37124 0.37051 0.36891 0.36905 0.38039 0.38577 0.38582 0.38551 0.38566 0.39807 0.40440 0.40482 0.40352 0.39224 0.38136 0.37738 0.39063 0.38136 0.36906 0.36365 0.36133 0.35871 0.35098 0.35337 0.36867 0.37517 0.38560 0.37768 0.36799 0.46584 0.82868 0.85563 0.70747 0.65134 0.54292 0.27237 0.26735 0.23176 0.29348 0.33263 0.35180
0.35565 0.36533 0.37153 0.37399 0.37983 0.37911 0.38349 0.37966 0.37476 0.37420 0.37446 0.37102 0.36851 0.36802 0.37312 0.35635 0.35395 0.35433 0.35567 0.37569 0.37055 0.37341 0.36707 0.37001 0.37787 0.39303 0.40579 0.41412 0.40483 0.40538 0.41165 0.40202 0.39974 0.40544 0.39142 0.38379 0.36569 0.36524 0.36523 0.37104 0.35745 0.35582 0.37092 0.36680 0.37603 0.38084 0.37913 0.38410 0.38300 0.37478 0.36975 0.37721 0.50735 0.86950 0.91033 0.76034 0.67996 0.55269 0.29219 0.28575 0.26487 0.32469 0.35097 0.36138
0.35514 0.36492 0.36368 0.37215 0.38048 0.38774 0.42082 0.39286 0.37727 0.38098 0.36861 0.34806 0.33794 0.34097 0.35005 0.35589 0.35613 0.36653 0.37393 0.36640 0.37528 0.39150 0.38783 0.39806 0.41345 0.43661 0.49898 0.49811 0.40794 0.38122 0.37317 0.36317 0.36404 0.36025 0.36844 0.36529 0.36476 0.36062 0.35953 0.37202 0.36470 0.38412 0.37629 0.36101 0.35677 0.35951 0.36858 0.37226 0.36896 0.35498 0.35862 0.37704 0.52897 0.89987 0.93577 0.80979 0.70611 0.55840 0.30206 0.32313 0.31826 0.35010 0.36324 0.36736
0.36424 0.36611 0.37624 0.37421 0.36884 0.36896 0.41024 0.38433 0.37842 0.38495 0.37943 0.34904 0.23296 0.20637 0.28311 0.35396 0.36617 0.38025 0.39524 0.38653 0.40437 0.42799 0.44185 0.43582 0.41751 0.41067 0.55913 0.55814 0.42789 0.33425 0.28652 0.27189 0.30727 0.33727 0.35199 0.36572 0.38184 0.38373 0.37421 0.37334 0.36201 0.36346 0.35949 0.35496 0.35457 0.35524 0.36981 0.37251 0.37232 0.36495 0.37169 0.39556 0.56961 0.92421 0.94345 0.84684 0.73523 0.56179 0.32890 0.34923 0.34659 0.36023 0.37020 0.36848
0.37759 0.38083 0.37855 0.37648 0.38125 0.38902 0.40358 0.40638 0.39208 0.37956 0.38005 0.33974 0.21100 0.16302 0.30986 0.40006 0.40176 0.40335 0.40434 0.40734 0.39152 0.33777 0.28647 0.24528 0.24545 0.29382 0.65215 0.62864 0.45029 0.33497 0.26807 0.23881 0.28811 0.33185 0.35080 0.36746 0.37781 0.37880 0.36414 0.36215 0.36428 0.35687 0.36605 0.37395 0.37424 0.38291 0.37981 0.37961 0.37710 0.36482 0.35586 0.39318 0.58149 0.91730 0.95383 0.90508 0.76533 0.58246 0.35270 0.36452 0.35576 0.36532 0.37681 0.38071
0.35420 0.36553 0.37877 0.37545 0.37889 0.38170 0.39494 0.39654 0.38212 0.37097 0.36540 0.36164 0.28926 0.20028 0.37205 0.46533 0.38628 0.33748 0.27997 0.19100 0.11145 0.07840 0.06536 0.06823 0.04488 0.25986 0.65581 0.68594 0.47941 0.35033 0.29980 0.25477 0.29788 0.33415 0.36394 0.37307 0.37499 0.38104 0.37639 0.38161 0.37820 0.36658 0.37102 0.37851 0.37276 0.35878 0.35402 0.34867 0.34837 0.35406 0.35107 0.38253 0.59356 0.92782 0.96139 0.95574 0.79924 0.61711 0.39175 0.38299 0.37528 0.37231 0.36977 0.37081
0.37760 0.37814 0.37895 0.36125 0.35462 0.35872 0.37364 0.36280 0.36570 0.36789 0.38720 0.38121 0.36361 0.31005 0.41861 0.60278 0.44266 0.30518 0.20185 0.11188 0.09588 0.07661 0.07653 0.09477 0.08150 0.30117 0.68209 0.74712 0.50359 0.35771 0.33676 0.30896 0.33114 0.36141 0.37107 0.37410 0.38227 0.38345 0.38683 0.38352 0.36389 0.35829 0.35216 0.35760 0.36277 0.36611 0.37230 0.36367 0.37482 0.37716 0.37677 0.40651 0.60782 0.92709 0.96948 0.97772 0.83929 0.66806 0.43571 0.39411 0.37079 0.37602 0.38517 0.39238
0.36462 0.36377 0.36502 0.36813 0.36615 0.37210 0.39937 0.38445 0.36382 0.37096 0.37324 0.35861 0.36591 0.37142 0.49949 0.66644 0.48722 0.35832 0.24320 0.07972 0.07480 0.07675 0.07855 0.11078 0.12203 0.34993 0.75464 0.80363 0.55305 0.38118 0.35537 0.33906 0.35267 0.36793 0.37631 0.38039 0.36823 0.36023 0.36856 0.37908 0.38160 0.37691 0.36544 0.37107 0.38253 0.38792 0.38738 0.37599 0.36267 0.35161 0.34091 0.39111 0.61449 0.94218 0.97420 0.97003 0.86693 0.74246 0.48779 0.41930 0.38314 0.37695 0.37114 0.37794
0.36383 0.35825 0.35713 0.36098 0.35347 0.36731 0.38318 0.37161 0.35865 0.36314 0.37462 0.38076 0.38204 0.40242 0.58164 0.71883 0.51022 0.40072 0.27966 0.05691 0.07800 0.07633 0.10569 0.12946 0.18632 0.44509 0.86266 0.88407 0.68348 0.43848 0.35806 0.34577 0.36236 0.37578 0.38514 0.39759 0.39373 0.38936 0.38615 0.37954 0.37809 0.37447 0.36978 0.37158 0.37631 0.36036 0.35958 0.35956 0.35378 0.36689 0.36945 0.39193 0.62940 0.94547 0.96160 0.97713 0.90027 0.78313 0.51671 0.44333 0.39109 0.38106 0.37744 0.38143
0.36276 0.37180 0.39286 0.38428 0.37318 0.37931 0.39388 0.39774 0.38894 0.37129 0.37921 0.36896 0.38656 0.44284 0.71523 0.79139 0.53611 0.42942 0.31177 0.08710 0.09183 0.09897 0.12820 0.16876 0.20004 0.53705 0.91678 0.93583 0.77150 0.48934 0.34321 0.35018 0.36105 0.36590 0.37729 0.40603 0.39747 0.38464 0.38170 0.37528 0.36978 0.37027 0.35826 0.36418 0.37140 0.37372 0.37762 0.37501 0.37545 0.37366 0.37250 0.40045 0.63235 0.93483 0.96633 0.97464 0.92434 0.80908 0.56038 0.51117 0.47496 0.43379 0.39513 0.38503
0.34757 0.35865 0.38480 0.39307 0.38335 0.38452 0.38011 0.39094 0.37042 0.36679 0.35468 0.36832 0.38254 0.47982 0.84713 0.83909 0.61576 0.44940 0.31997 0.13722 0.11583 0.11347 0.14880 0.21380 0.20547 0.58072 0.92085 0.94716 0.78580 0.51062 0.33196 0.34978 0.36208 0.37210 0.38802 0.40070 0.39499 0.39240 0.38020 0.38424 0.38259 0.37863 0.37495 0.38206 0.37780 0.37422 0.35744 0.35084 0.35076 0.35574 0.35757 0.38737 0.65708 0.95863 0.97450 0.97933 0.95737 0.83249 0.65762 0.56976 0.55169 0.55500 0.44495 0.39647
0.36826 0.37311 0.37998 0.36245 0.34689 0.35968 0.37289 0.38520 0.37281 0.37626 0.37862 0.38324 0.39543 0.50239 0.85618 0.93081 0.74376 0.48291 0.31682 0.16310 0.12760 0.13770 0.16234 0.23112 0.21484 0.59663 0.92152 0.94355 0.79204 0.54116 0.33960 0.35276 0.35889 0.36815 0.38522 0.39589 0.38969 0.38462 0.38654 0.39338 0.37818 0.36949 0.36306 0.34710 0.35795 0.34979 0.36528 0.36601 0.37082 0.37544 0.38193 0.43575 0.70406 0.95915 0.96550 0.97674 0.97197 0.85428 0.71984 0.60616 0.56721 0.56874 0.44640 0.37072
0.36883 0.37888 0.38178 0.36790 0.37177 0.38789 0.40121 0.39511 0.37823 0.37474 0.37861 0.37448 0.39058 0.51137 0.88100 0.94166 0.77939 0.51506 0.30286 0.16497 0.13934 0.15249 0.17262 0.23790 0.22713 0.60437 0.92861 0.94225 0.80491 0.60321 0.36567 0.35098 0.36896 0.38325 0.39793 0.39955 0.38623 0.37451 0.36286 0.36893 0.35210 0.36486 0.37421 0.37856 0.37970 0.37748 0.38451 0.38265 0.37914 0.37614 0.37553 0.44382 0.71631 0.95699 0.96602 0.97424 0.97390 0.87602 0.73112 0.60891 0.54421 0.52664 0.43227 0.40517
0.35903 0.37465 0.37875 0.36799 0.36318 0.38573 0.39668 0.37710 0.36522 0.37890 0.36237 0.36638 0.38793 0.51579 0.86718 0.95484 0.78646 0.53971 0.30440 0.15700 0.13623 0.14799 0.18324 0.24260 0.23652 0.61400 0.92794 0.94636 0.83230 0.69126 0.41746 0.36403 0.37522 0.38532 0.39889 0.39365 0.38337 0.36863 0.37187 0.38320 0.38185 0.37679 0.38734 0.38314 0.37634 0.38035 0.38031 0.37834 0.36719 0.36966 0.37107 0.43204 0.72244 0.96533 0.97018 0.98013 0.96576 0.87584 0.73150 0.60509 0.54719 0.50307 0.42511 0.39496
0.36269 0.37767 0.39295 0.38260 0.37305 0.37717 0.39465 0.37736 0.37266 0.37696 0.37038 0.38069 0.40919 0.54150 0.89414 0.94430 0.78779 0.56584 0.30961 0.15625 0.12503 0.15761 0.21543 0.25417 0.26530 0.63073 0.93575 0.94679 0.84025 0.75847 0.47733 0.37942 0.38470 0.40246 0.40617 0.39817 0.39710 0.39151 0.38149 0.38406 0.37311 0.37530 0.37901 0.37864 0.37023 0.37589 0.36700 0.38164 0.38231 0.37792 0.36850 0.42489 0.75368 0.96510 0.97333 0.97928 0.98032 0.87540 0.73560 0.60684 0.55168 0.51876 0.47455 0.45044
0.36382 0.37913 0.39456 0.38751 0.37470 0.38199 0.40826 0.39908 0.37350 0.36447 0.37146 0.37220 0.40593 0.54372 0.89142 0.94860 0.79773 0.60972 0.32477 0.16714 0.13389 0.19305 0.26565 0.29341 0.31349 0.65302 0.94519 0.94572 0.83540 0.76420 0.49922 0.38586 0.38892 0.40810 0.41914 0.40340 0.40240 0.38368 0.36947 0.36318 0.36489 0.36836 0.37086 0.39505 0.39766 0.38500 0.38468 0.37482 0.37322 0.36275 0.35930 0.43182 0.76987 0.96238 0.97892 0.98398 0.97138 0.86166 0.74137 0.60413 0.55161 0.53619 0.51163 0.48683
0.36438 0.36735 0.36933 0.37794 0.37560 0.38504 0.39414 0.36718 0.36218 0.35925 0.36899 0.36424 0.38920 0.54692 0.90441 0.93901 0.81362 0.68970 0.37047 0.19368 0.15630 0.23533 0.32178 0.33740 0.36212 0.66797 0.94726 0.94582 0.82537 0.75095 0.49796 0.38951 0.38578 0.40657 0.42506 0.41006 0.38906 0.37791 0.37118 0.37772 0.38507 0.37782 0.38023 0.38148 0.38366 0.36452 0.35712 0.34960 0.36864 0.36628 0.35705 0.42911 0.76050 0.96060 0.97825 0.98251 0.97177 0.85098 0.74040 0.60246 0.55026 0.54606 0.53724 0.53128
0.37137 0.37536 0.37020 0.36958 0.37491 0.38297 0.39590 0.37628 0.37103 0.37379 0.36856 0.36858 0.39478 0.56839 0.92097 0.94307 0.82912 0.76783 0.44717 0.22573 0.20539 0.28009 0.34559 0.35383 0.37565 0.67154 0.95423 0.94446 0.81122 0.72377 0.50479 0.39032 0.38090 0.41635 0.43940 0.42052 0.39017 0.37383 0.37845 0.38453 0.38306 0.37433 0.37741 0.37405 0.37500 0.37495 0.37826 0.38424 0.38177 0.38665 0.37794 0.44841 0.75546 0.96832 0.96860 0.97737 0.97346 0.84620 0.74134 0.60759 0.54896 0.54673 0.54885 0.54090
0.37334 0.36617 0.37484 0.36922 0.37290 0.38305 0.39997 0.37062 0.36072 0.37395 0.36882 0.36776 0.39306 0.59583 0.92483 0.94545 0.83215 0.78094 0.47973 0.24037 0.25710 0.31169 0.34303 0.34911 0.39078 0.67952 0.95780 0.94426 0.81563 0.71505 0.50008 0.40063 0.40166 0.41329 0.43431 0.41282 0.37391 0.35588 0.36963 0.37603 0.38551 0.38876 0.38822 0.37863 0.36606 0.37317 0.36788 0.36485 0.35694 0.36689 0.36747 0.44427 0.73716 0.96535 0.97079 0.97859 0.96984 0.84498 0.73652 0.60819 0.55912 0.55896 0.54938 0.54544
0.38140 0.37505 0.38520 0.37299 0.36611 0.39319 0.40736 0.37291 0.36194 0.36719 0.36209 0.37613 0.40466 0.62226 0.93635 0.94084 0.83177 0.79170 0.49124 0.25602 0.31057 0.34721 0.34654 0.35022 0.39081 0.69637 0.95313 0.94701 0.82131 0.74209 0.49273 0.39356 0.39316 0.41693 0.45326 0.45514 0.41304 0.37956 0.37801 0.38265 0.38494 0.38000 0.37217 0.35955 0.36444 0.36670 0.36361 0.36992 0.36998 0.36654 0.37173 0.44442 0.74848 0.96715 0.97293 0.97791 0.96539 0.83514 0.72909 0.60163 0.56761 0.56095 0.55084 0.54834
0.39740 0.38858 0.39990 0.39614 0.38059 0.39559 0.40001 0.38215 0.36948 0.36619 0.37423 0.38572 0.43601 0.65427 0.94233 0.94307 0.83578 0.78593 0.49416 0.25775 0.32042 0.35492 0.35513 0.35832 0.40045 0.70638 0.94997 0.94114 0.82692 0.77793 0.49578 0.39091 0.39046 0.41678 0.47255 0.46411 0.40591 0.36951 0.35788 0.35164 0.36219 0.36575 0.37845 0.37554 0.37035 0.36445 0.36458 0.37283 0.38036 0.37618 0.37467 0.45020 0.75460 0.96466 0.97438 0.97714 0.95891 0.82280 0.71659 0.59516 0.56004 0.54403 0.54227 0.54644
0.37036 0.36706 0.37885 0.39119 0.37028 0.37696 0.37750 0.37192 0.35406 0.36499 0.37281 0.39681 0.46231 0.67231 0.94084 0.94590 0.84023 0.78893 0.49620 0.27226 0.32802 0.35596 0.36962 0.36852 0.40162 0.70835 0.95133 0.94051 0.83478 0.79439 0.50176 0.39102 0.39865 0.43388 0.49341 0.47142 0.39613 0.37109 0.37442 0.38185 0.38592 0.38144 0.38285 0.38831 0.37940 0.37259 0.36988 0.36738 0.37978 0.36421 0.35694 0.44693 0.74763 0.96818 0.97799 0.97851 0.96210 0.81937 0.71738 0.60115 0.56054 0.55057 0.55439 0.55717
0.38844 0.38559 0.38675 0.39231 0.38585 0.39507 0.38599 0.36897 0.37183 0.38360 0.37714 0.42455 0.47989 0.69674 0.94627 0.94371 0.84228 0.79130 0.49491 0.29053 0.35007 0.37045 0.36737 0.36502 0.42323 0.73591 0.96684 0.94101 0.83821 0.80838 0.50874 0.39508 0.41291 0.45728 0.51099 0.48020 0.39573 0.37872 0.38161 0.37922 0.36863 0.35579 0.36742 0.37473 0.36850 0.35480 0.35334 0.36380 0.35904 0.35434 0.37872 0.44711 0.75192 0.96681 0.97791 0.98098 0.95908 0.82679 0.72663 0.61419 0.56099 0.55404 0.55618 0.55429
0.37491 0.37710 0.38430 0.38340 0.38097 0.39152 0.38594 0.35579 0.37095 0.37828 0.37518 0.42342 0.48045 0.71905 0.94987 0.94238 0.82897 0.79581 0.49582 0.30726 0.35293 0.36952 0.37755 0.38094 0.45030 0.79361 0.96359 0.95889 0.84348 0.80139 0.50310 0.39984 0.42532 0.48027 0.52167 0.48837 0.38275 0.36904 0.36334 0.36887 0.36596 0.36377 0.36391 0.37134 0.37733 0.36985 0.36437 0.36221 0.35937 0.36216 0.39631 0.48261 0.76338 0.96205 0.97105 0.97961 0.95797 0.83342 0.73139 0.60891 0.56466 0.55872 0.55328 0.54971
0.37034 0.36868 0.36603 0.36296 0.36699 0.39440 0.40027 0.36912 0.37194 0.37503 0.38400 0.42767 0.49623 0.75683 0.95091 0.94117 0.82146 0.78192 0.49080 0.33658 0.37136 0.38514 0.38578 0.39498 0.47856 0.81718 0.96517 0.95716 0.86091 0.80499 0.50611 0.42099 0.47174 0.52534 0.55753 0.53872 0.40045 0.37874 0.37804 0.37264 0.36324 0.37252 0.37224 0.37641 0.36676 0.37065 0.36472 0.35731 0.35176 0.35633 0.39618 0.46844 0.77087 0.96041 0.97221 0.97684 0.96230 0.82943 0.73396 0.61287 0.56053 0.55472 0.54985 0.54204
0.38238 0.37951 0.40264 0.39159 0.38368 0.39362 0.41780 0.37844 0.37052 0.37154 0.37650 0.41847 0.50154 0.77583 0.95473 0.93813 0.82464 0.80358 0.49863 0.36389 0.38467 0.39320 0.37953 0.39488 0.48177 0.82090 0.95485 0.95892 0.84754 0.79902 0.50255 0.46612 0.52481 0.55408 0.56563 0.53906 0.40245 0.39142 0.38271 0.36928 0.37329 0.36688 0.36349 0.35305 0.35802 0.36841 0.37319 0.37542 0.37188 0.37510 0.42113 0.49367 0.80586 0.96578 0.97967 0.98047 0.96681 0.82793 0.73700 0.60969 0.56021 0.54519 0.54344 0.53633
0.37452 0.37464 0.39658 0.37256 0.37425 0.39241 0.39488 0.36872 0.35636 0.35579 0.37094 0.42289 0.50039 0.78609 0.95444 0.94298 0.82617 0.77858 0.48166 0.37406 0.38888 0.40219 0.39414 0.42206 0.50046 0.83287 0.96592 0.94765 0.83314 0.78562 0.49711 0.50420 0.55021 0.56164 0.56922 0.53566 0.39822 0.37265 0.36208 0.37488 0.37463 0.37620 0.38359 0.37653 0.36996 0.37468 0.38604 0.39136 0.39069 0.38288 0.40054 0.48380 0.82250 0.95919 0.98612 0.98156 0.96770 0.83200 0.73583 0.60256 0.56796 0.55242 0.55167 0.55324
0.38305 0.38062 0.38391 0.37662 0.37863 0.38884 0.38536 0.36650 0.36437 0.36158 0.37450 0.42675 0.48945 0.78542 0.95393 0.93892 0.82878 0.79525 0.50179 0.38971 0.40341 0.41998 0.41929 0.44536 0.51597 0.85073 0.95341 0.94938 0.82699 0.79503 0.51001 0.52225 0.54990 0.55333 0.54809 0.49790 0.38395 0.37343 0.36767 0.37452 0.37270 0.38296 0.37866 0.37736 0.36536 0.37095 0.36293 0.37250 0.38158 0.37392 0.39791 0.49301 0.83596 0.96396 0.97941 0.98179 0.97008 0.83489 0.72937 0.60140 0.56283 0.55013 0.54305 0.54746
0.37299 0.38179 0.38442 0.38414 0.37998 0.39451 0.38315 0.36148 0.37018 0.37352 0.37317 0.43014 0.48483 0.78245 0.95511 0.93796 0.84378 0.80040 0.50709 0.39205 0.41323 0.43941 0.45098 0.46951 0.53023 0.85124 0.95622 0.93476 0.85129 0.80689 0.51514 0.53848 0.55598 0.55874 0.56288 0.49841 0.37910 0.35918 0.37036 0.36669 0.37075 0.36436 0.35286 0.35970 0.35489 0.36846 0.37055 0.37369 0.36703 0.36060 0.39380 0.49664 0.83302 0.95982 0.98577 0.98184 0.96837 0.82568 0.72534 0.60924 0.56428 0.54658 0.54441 0.55820
0.36309 0.35863 0.36434 0.36725 0.36822 0.40051 0.38957 0.36948 0.36319 0.35917 0.36834 0.43260 0.48599 0.78863 0.95945 0.94613 0.85146 0.79243 0.50653 0.39311 0.40788 0.44025 0.45817 0.46545 0.53737 0.86418 0.95010 0.93276 0.84783 0.79694 0.49179 0.54157 0.55632 0.56560 0.57033 0.51029 0.36814 0.36460 0.36617 0.36440 0.37128 0.36378 0.37203 0.36640 0.37379 0.38602 0.36116 0.34918 0.35109 0.36091 0.38964 0.48883 0.82300 0.96332 0.98200 0.98093 0.96307 0.82828 0.72417 0.60546 0.55927 0.54615 0.54511 0.54260
0.38285 0.38793 0.40261 0.38054 0.37625 0.38341 0.38983 0.38250 0.36670 0.37164 0.39209 0.44622 0.51490 0.81636 0.95584 0.94600 0.86331 0.80042 0.50897 0.39310 0.40855 0.44060 0.44581 0.46585 0.53992 0.87645 0.95664 0.94258 0.84994 0.79684 0.47889 0.51591 0.56010 0.57900 0.58824 0.54253 0.40254 0.38516 0.37387 0.36703 0.36332 0.35815 0.36376 0.35726 0.36334 0.37676 0.37323 0.37187 0.37466 0.37679 0.40988 0.48303 0.81015 0.96155 0.97702 0.97854 0.95694 0.82294 0.72697 0.60713 0.55254 0.55285 0.54914 0.54163
0.36826 0.38439 0.38577 0.37124 0.37367 0.38320 0.39485 0.37563 0.36901 0.36247 0.37341 0.42267 0.50746 0.81784 0.95220 0.94059 0.84978 0.78263 0.48940 0.39097 0.41057 0.44625 0.47486 0.47432 0.55172 0.88473 0.95614 0.95287 0.86699 0.80644 0.51115 0.51278 0.58922 0.62502 0.64891 0.57781 0.43021 0.37468 0.35765 0.36241 0.36844 0.36663 0.37424 0.37274 0.37468 0.37214 0.36569 0.37571 0.37936 0.38881 0.42322 0.50213 0.82292 0.96781 0.97845 0.97583 0.94320 0.81840 0.72586 0.60018 0.56108 0.55106 0.54141 0.53745
0.36154 0.36884 0.37470 0.36528 0.36216 0.36399 0.37488 0.36459 0.36514 0.36550 0.38072 0.43289 0.50464 0.81589 0.95338 0.93197 0.84671 0.78382 0.49793 0.40966 0.43968 0.48177 0.50879 0.48107 0.58401 0.91638 0.96753 0.95863 0.91368 0.79991 0.59668 0.74479 0.80670 0.83963 0.82406 0.73005 0.47910 0.37097 0.37670 0.37024 0.37335 0.37860 0.37439 0.38023 0.37746 0.36821 0.37463 0.37141 0.36845 0.36140 0.38204 0.48728 0.84645 0.96246 0.97973 0.97761 0.94970 0.80706 0.72082 0.60334 0.55639 0.54704 0.53906 0.54493
0.35454 0.36619 0.38501 0.38288 0.38196 0.41143 0.39598 0.38084 0.36564 0.36309 0.36962 0.42171 0.50073 0.81411 0.95313 0.93848 0.85932 0.79054 0.52898 0.48123 0.50059 0.51312 0.53424 0.57053 0.63103 0.94136 0.96114 0.96389 0.94617 0.92220 0.90945 0.93159 0.94554 0.93610 0.86926 0.77198 0.47464 0.37753 0.38358 0.37242 0.37030 0.35335 0.35809 0.36274 0.35949 0.36731 0.37450 0.37065 0.36723 0.37228 0.40614 0.49781 0.86485 0.97565 0.98455 0.97688 0.94406 0.80976 0.71774 0.59562 0.56145 0.54750 0.54921 0.55687
0.35217 0.36273 0.37045 0.37898 0.37879 0.40017 0.37914 0.35064 0.34204 0.35951 0.36821 0.41767 0.50499 0.80425 0.95369 0.93941 0.88815 0.79046 0.56746 0.59001 0.64773 0.71377 0.77045 0.82279 0.87154 0.95319 0.96873 0.96752 0.95439 0.93986 0.92836 0.91333 0.89248 0.87245 0.84151 0.72745 0.42872 0.35129 0.35505 0.36318 0.36147 0.36547 0.36486 0.36650 0.36095 0.36805 0.37140 0.36437 0.36227 0.36082 0.38167 0.50157 0.88276 0.96547 0.98177 0.98168 0.94709 0.80499 0.71155 0.59172 0.55099 0.54657 0.54074 0.53982
0.37199 0.37427 0.36321 0.36655 0.37119 0.40124 0.38713 0.36912 0.35183 0.37247 0.37127 0.41624 0.52618 0.78773 0.95391 0.95054 0.93453 0.89745 0.88525 0.87644 0.88870 0.91632 0.94031 0.94689 0.93410 0.91859 0.92057 0.91369 0.89279 0.87622 0.87088 0.85526 0.84761 0.81739 0.78659 0.64113 0.40610 0.37207 0.37249 0.36329 0.37408 0.38155 0.36651 0.35127 0.34472 0.35007 0.35077 0.35204 0.35234 0.36774 0.39081 0.50087 0.88460 0.97130 0.98329 0.97810 0.95059 0.80597 0.71879 0.59847 0.55526 0.54443 0.53925 0.53793
0.37105 0.38213 0.37029 0.37430 0.37589 0.40311 0.40989 0.38026 0.35964 0.35606 0.37064 0.42297 0.53065 0.80101 0.95372 0.96015 0.94803 0.93288 0.92578 0.92271 0.91305 0.90320 0.88964 0.87814 0.86532 0.85855 0.85112 0.85223 0.83537 0.82458 0.81889 0.81425 0.81370 0.81079 0.74506 0.57877 0.40168 0.35792 0.35416 0.37083 0.37501 0.36090 0.35658 0.36788 0.36865 0.36965 0.35776 0.36794 0.37248 0.37146 0.39439 0.51325 0.89331 0.97017 0.98235 0.97298 0.94938 0.80776 0.71425 0.59165 0.55323 0.54198 0.54176 0.54059
0.36581 0.36394 0.35721 0.34759 0.35714 0.38356 0.38941 0.36923 0.35017 0.34635 0.37942 0.47544 0.54644 0.82064 0.95274 0.94771 0.93267 0.89868 0.88656 0.87069 0.86037 0.83680 0.82875 0.81552 0.81405 0.80855 0.79942 0.79472 0.76524 0.73417 0.69867 0.65870 0.61458 0.57904 0.53494 0.52436 0.38719 0.35619 0.36277 0.37238 0.37507 0.37464 0.37752 0.38299 0.37115 0.38520 0.36576 0.36142 0.36211 0.35778 0.38838 0.52014 0.89078 0.97465 0.97912 0.96760 0.94234 0.80735 0.70335 0.58536 0.55193 0.55739 0.55869 0.55007
